-0.002784	0.053548	4.359652	-0.000398	0.085287	0.002660	-0.570856
0.014217	0.140490	4.361787	0.002067	-0.443094	0.007107	-1.522924
0.035818	0.256070	4.366255	0.004869	-1.042530	0.013115	-2.803732
0.057455	0.364645	4.373119	0.007343	-1.568860	0.018913	-4.031597
0.079273	0.460481	4.382191	0.009548	-2.034711	0.024206	-5.143092
0.100909	0.536945	4.393044	0.011215	-2.383181	0.028634	-6.062942
0.122545	0.595624	4.405466	0.012547	-2.657807	0.032260	-6.805959
0.144273	0.649213	4.419048	0.013711	-2.894788	0.035707	-7.504317
0.165909	0.690313	4.433683	0.014520	-3.054986	0.038586	-8.077531
0.187455	0.723194	4.449034	0.015086	-3.162785	0.041093	-8.568181
0.209273	0.755738	4.465173	0.015445	-3.226345	0.043639	-9.061297
0.231091	0.780618	4.481915	0.015699	-3.267021	0.045830	-9.476530
0.252727	0.794391	4.499104	0.015808	-3.277233	0.047473	-9.775513
0.274455	0.806512	4.516582	0.015775	-3.257791	0.049050	-10.058149
0.296091	0.810494	4.534014	0.015783	-3.246804	0.050198	-10.251960
0.317636	0.807407	4.551586	0.015723	-3.222165	0.050980	-10.370041
0.339364	0.802705	4.568979	0.015466	-3.157890	0.051664	-10.468121
0.361091	0.799834	4.586403	0.015319	-3.116029	0.052447	-10.584979
0.382636	0.798885	4.603679	0.015292	-3.099367	0.053324	-10.720102
0.404364	0.803837	4.620960	0.015219	-3.073166	0.054521	-10.917465
0.426000	0.808915	4.638377	0.015104	-3.039202	0.055735	-11.116234
0.447636	0.814023	4.655955	0.015022	-3.011647	0.056962	-11.315569
0.469273	0.816707	4.673380	0.014906	-2.977411	0.058050	-11.486605
0.491000	0.826637	4.691184	0.014902	-2.965449	0.059559	-11.737347
0.512727	0.834888	4.709099	0.014864	-2.946916	0.060987	-11.969893
0.534455	0.835368	4.727190	0.014778	-2.918703	0.061996	-12.119445
0.556182	0.831090	4.745267	0.014630	-2.878819	0.062740	-12.216802
0.577727	0.827225	4.763161	0.014598	-2.861691	0.063495	-12.316077
0.599273	0.824982	4.780837	0.014488	-2.829898	0.064328	-12.429999
0.621091	0.823955	4.798874	0.014417	-2.805487	0.065248	-12.558768
0.642909	0.826929	4.816769	0.014628	-2.835876	0.066388	-12.728305
0.664545	0.836921	4.834717	0.014789	-2.856255	0.067932	-12.972472
0.686091	0.847029	4.852921	0.014982	-2.882587	0.069501	-13.218836
0.707727	0.850347	4.871233	0.015136	-2.901147	0.070691	-13.392208
0.729455	0.848190	4.889546	0.015281	-2.917636	0.071568	-13.505868
0.751182	0.845770	4.907927	0.015488	-2.945963	0.072433	-13.616192
0.772909	0.845335	4.926426	0.015629	-2.961612	0.073418	-13.747694
0.794455	0.844834	4.944511	0.015767	-2.976884	0.074378	-13.874466
0.816091	0.840364	4.962652	0.015926	-2.995880	0.075108	-13.958152
0.837909	0.842145	4.980936	0.016100	-3.017435	0.076211	-14.108929
0.859636	0.841906	4.999264	0.016168	-3.019455	0.077199	-14.237440
0.881273	0.827769	5.017176	0.016088	-2.994362	0.077341	-14.213052
0.903000	0.803780	5.034931	0.015911	-2.951609	0.076883	-14.081063
0.924636	0.764919	5.051683	0.015365	-2.841586	0.075474	-13.781760
0.946182	0.716946	5.067430	0.014584	-2.689104	0.073454	-13.377032
0.967727	0.639990	5.082135	0.013266	-2.439705	0.069629	-12.653705
0.989455	0.532496	5.094912	0.011312	-2.075797	0.063858	-11.589168
1.011182	0.390877	5.105098	0.008924	-1.634984	0.055901	-10.140618
1.032964	0.209111	5.111716	0.006145	-1.125201	0.045373	-8.237023
1.050003	0.044042	5.113931	0.003655	-0.670124	0.035655	-6.482352
1.063402	-0.084816	5.113493	0.001846	-0.339267	0.027996	-5.097816
1.097727	-0.380410	5.104475	-0.002516	0.461153	0.010200	-1.867021
1.141091	-0.578274	5.082900	-0.006811	1.256393	-0.002185	0.402602
1.184545	-0.644547	5.056039	-0.009397	1.744824	-0.007008	1.299397
1.227636	-0.681087	5.027304	-0.011614	2.171588	-0.010142	1.892547
1.270818	-0.716126	4.997020	-0.014141	2.663655	-0.013217	2.482911
1.314182	-0.740583	4.965328	-0.016950	3.216043	-0.015715	2.972550
1.357182	-0.744039	4.933341	-0.019586	3.743110	-0.017025	3.242025
1.400545	-0.722599	4.901485	-0.022333	4.300285	-0.016938	3.246595
1.444000	-0.688782	4.870904	-0.025191	4.884430	-0.016137	3.111905
1.487091	-0.647817	4.842109	-0.028298	5.522078	-0.014900	2.889849
1.530273	-0.590917	4.815460	-0.031041	6.092211	-0.012738	2.483043
1.573545	-0.535066	4.791240	-0.033075	6.524362	-0.010575	2.070879
1.617000	-0.491813	4.769020	-0.034748	6.886518	-0.009050	1.780011
1.660091	-0.452270	4.748937	-0.036338	7.231207	-0.007666	1.513666
1.703182	-0.421726	4.730204	-0.038075	7.606259	-0.006732	1.334387
1.746636	-0.384427	4.713014	-0.039643	7.948447	-0.005388	1.071514
1.790000	-0.351157	4.697042	-0.040635	8.174549	-0.004226	0.843000
1.833273	-0.322192	4.682570	-0.040919	8.256253	-0.003246	0.649356
1.876545	-0.302390	4.669223	-0.040942	8.283985	-0.002719	0.545500
1.919636	-0.286401	4.656768	-0.040963	8.310337	-0.002366	0.475832
1.962818	-0.275676	4.644703	-0.040743	8.286750	-0.002281	0.459926
2.006182	-0.260267	4.633190	-0.040470	8.251069	-0.001928	0.389741
2.049454	-0.247581	4.622288	-0.040198	8.214331	-0.001698	0.344148
2.092727	-0.234983	4.611807	-0.039842	8.159568	-0.001460	0.296400
2.135909	-0.223115	4.602023	-0.039284	8.061172	-0.001234	0.251024
2.179091	-0.212888	4.592805	-0.038870	7.991570	-0.001073	0.218824
2.222455	-0.209083	4.583602	-0.038630	7.957710	-0.001251	0.255657
2.265636	-0.196610	4.574867	-0.038275	7.899258	-0.000957	0.195892
2.308818	-0.189096	4.566602	-0.037830	7.821009	-0.000905	0.185579
2.352091	-0.182842	4.558722	-0.037421	7.749340	-0.000904	0.185733
2.395273	-0.178515	4.550839	-0.036996	7.674121	-0.001005	0.206806
2.438727	-0.172980	4.543305	-0.036528	7.588872	-0.001029	0.212160
2.482091	-0.164861	4.536007	-0.036134	7.518760	-0.000911	0.187974
2.525182	-0.158191	4.529116	-0.035682	7.435454	-0.000851	0.176019
2.568545	-0.155068	4.522325	-0.035197	7.344881	-0.000973	0.201397
2.611727	-0.150147	4.515823	-0.034752	7.261953	-0.000989	0.205160
2.654818	-0.142149	4.509580	-0.034068	7.127720	-0.000837	0.173831
2.698273	-0.137724	4.503491	-0.033562	7.030504	-0.000864	0.179599
2.741545	-0.136614	4.497455	-0.033193	6.962115	-0.001060	0.220609
2.784727	-0.130209	4.491761	-0.032561	6.837180	-0.000969	0.201969
2.827909	-0.127862	4.486268	-0.031759	6.675992	-0.001079	0.225200
2.871273	-0.126485	4.480733	-0.031132	6.551566	-0.001241	0.259310
2.914636	-0.119937	4.475465	-0.030408	6.405766	-0.001127	0.235732
2.957818	-0.110267	4.470477	-0.028981	6.110137	-0.000842	0.176304
3.001091	-0.098305	4.465942	-0.026191	5.523685	-0.000422	0.088378
3.044182	-0.087832	4.461969	-0.021884	4.614237	-0.000055	0.011478
3.087364	-0.068857	4.458640	-0.016140	3.400687	0.000773	-0.162255
3.130818	-0.044021	4.456055	-0.009565	2.013065	0.001931	-0.405440
3.163727	-0.012200	4.454908	-0.004363	0.917320	0.003507	-0.736350
