-0.002960	0.073186	6.749581	-0.001882	0.262686	0.006312	-0.882202
0.011945	0.150310	6.752040	0.006912	-0.964266	0.013165	-1.837441
0.031414	0.274249	6.756319	0.018176	-2.531599	0.024239	-3.375360
0.050707	0.431061	6.762980	0.028775	-3.998497	0.038408	-5.332064
0.069798	0.593052	6.772830	0.038555	-5.342188	0.053348	-7.379288
0.088990	0.724860	6.785481	0.047365	-6.542396	0.065924	-9.085376
0.108384	0.833164	6.800497	0.055309	-7.613952	0.076673	-10.527055
0.127677	0.919407	6.817298	0.062482	-8.571158	0.085656	-11.716579
0.146768	0.990784	6.835514	0.068829	-9.407990	0.093472	-12.737604
0.166162	1.052406	6.855056	0.074606	-10.159938	0.100560	-13.651077
0.185455	1.106190	6.875624	0.079839	-10.831696	0.107063	-14.477441
0.204747	1.159711	6.897363	0.084569	-11.429448	0.113675	-15.309476
0.224040	1.210485	6.920001	0.088791	-11.953284	0.120151	-16.114670
0.243131	1.256272	6.943378	0.092664	-12.425680	0.126268	-16.864433
0.262424	1.290740	6.967762	0.096041	-12.827250	0.131456	-17.484228
0.281717	1.323594	6.992756	0.098931	-13.160667	0.136573	-18.088100
0.301010	1.354672	7.018399	0.101354	-13.429482	0.141606	-18.674343
0.320101	1.386490	7.044454	0.103348	-13.639415	0.146770	-19.271357
0.339596	1.416621	7.071499	0.104907	-13.789421	0.151887	-19.854397
0.359192	1.448439	7.099260	0.106224	-13.905946	0.157253	-20.461931
0.378384	1.479476	7.127175	0.107223	-13.980413	0.162587	-21.059551
0.397475	1.490053	7.155246	0.107839	-14.005256	0.165999	-21.409012
0.416667	1.498796	7.183880	0.108167	-13.992092	0.169292	-21.738977
0.436061	1.507847	7.212758	0.108125	-13.931960	0.172646	-22.072819
0.455253	1.512732	7.241410	0.107730	-13.827839	0.175583	-22.352757
0.474444	1.510037	7.270160	0.106794	-13.656087	0.177793	-22.539982
0.493737	1.497970	7.298966	0.105494	-13.439748	0.179086	-22.612501
0.513232	1.483312	7.327965	0.103930	-13.191571	0.180130	-22.653425
0.532525	1.466472	7.356129	0.102337	-12.943059	0.180877	-22.660046
0.551515	1.443316	7.383358	0.100685	-12.690822	0.180904	-22.581747
0.570909	1.415777	7.410823	0.098684	-12.396563	0.180497	-22.450670
0.590202	1.386193	7.437694	0.096397	-12.069882	0.179816	-22.289062
0.609394	1.361405	7.463750	0.093957	-11.727678	0.179527	-22.178242
0.628687	1.334154	7.489535	0.091342	-11.366680	0.178951	-22.034376
0.647980	1.298659	7.514684	0.088445	-10.974382	0.177471	-21.784939
0.667374	1.255787	7.539153	0.085045	-10.523971	0.175166	-21.440218
0.686667	1.206342	7.562866	0.081385	-10.045122	0.172107	-21.009516
0.706061	1.154862	7.585664	0.077473	-9.539247	0.168739	-20.546743
0.725253	1.092936	7.606948	0.073250	-8.999954	0.164158	-19.946026
0.744444	1.028651	7.627193	0.068739	-8.429296	0.159226	-19.308737
0.763737	0.953988	7.646063	0.063984	-7.832675	0.153101	-18.535614
0.782929	0.870843	7.663345	0.059276	-7.245543	0.145961	-17.648272
0.802222	0.785669	7.679314	0.054342	-6.633836	0.138491	-16.726870
0.821515	0.704121	7.693635	0.049398	-6.023660	0.131248	-15.837656
0.840808	0.617535	7.706316	0.044385	-5.407675	0.123354	-14.875955
0.860000	0.524315	7.717074	0.039412	-4.799045	0.114633	-13.820649
0.879293	0.419409	7.726089	0.034419	-4.189875	0.104593	-12.611868
0.898687	0.298372	7.732940	0.029454	-3.585461	0.092768	-11.193068
0.918172	0.157448	7.737523	0.024450	-2.977290	0.078791	-9.518143
0.932832	0.038106	7.738939	0.020441	-2.489751	0.066821	-8.083076
0.944832	-0.065420	7.738697	0.017035	-2.075750	0.056371	-6.828259
0.974343	-0.371700	7.731748	0.007599	-0.927383	0.025252	-3.073816
1.011616	-0.713943	7.711279	-0.007600	0.934495	-0.009851	1.207745
1.049091	-0.933576	7.680050	-0.024686	3.049459	-0.033038	4.079422
1.086162	-1.038933	7.643203	-0.040669	5.055942	-0.045129	5.608275
1.123131	-1.060661	7.604174	-0.054223	6.784341	-0.049147	6.142389
1.160404	-1.024488	7.564878	-0.065568	8.255554	-0.047610	5.980201
1.197778	-0.949977	7.527877	-0.073940	9.364153	-0.042337	5.340391
1.234949	-0.876484	7.493941	-0.079121	10.072101	-0.037065	4.693395
1.272020	-0.808212	7.462745	-0.081786	10.458723	-0.032201	4.091890
1.309293	-0.763458	7.433506	-0.083408	10.710664	-0.029504	3.762614
1.346768	-0.716905	7.405678	-0.084681	10.917148	-0.026593	3.402829
1.383838	-0.671284	7.380151	-0.085383	11.047534	-0.023675	3.038797
1.420909	-0.641882	7.355786	-0.085538	11.105954	-0.022242	2.863703
1.458384	-0.613396	7.332284	-0.085332	11.115134	-0.020864	2.694409
1.495455	-0.586710	7.310003	-0.085212	11.133375	-0.019602	2.538800
1.532525	-0.565652	7.288587	-0.084729	11.102488	-0.018830	2.445755
1.569798	-0.538989	7.267909	-0.083660	10.992340	-0.017509	2.280160
1.607071	-0.514775	7.248361	-0.082568	10.876970	-0.016363	2.136440
1.644444	-0.491070	7.229749	-0.081463	10.757839	-0.015224	1.992453
1.681717	-0.473398	7.211614	-0.079721	10.552057	-0.014623	1.918521
1.718889	-0.460296	7.194235	-0.077876	10.330381	-0.014407	1.894732
1.756061	-0.445858	7.177438	-0.076361	10.151247	-0.014041	1.850846
1.793232	-0.429195	7.161280	-0.074630	9.941478	-0.013442	1.775635
1.830505	-0.415663	7.145467	-0.072794	9.716251	-0.013114	1.736157
1.867879	-0.404092	7.130221	-0.071182	9.519661	-0.012938	1.716462
1.904950	-0.387284	7.115506	-0.069537	9.317009	-0.012260	1.629663
1.942121	-0.376627	7.101103	-0.067545	9.066005	-0.012127	1.615310
1.979495	-0.372346	7.087006	-0.065661	8.828430	-0.012558	1.676148
2.016566	-0.367468	7.073343	-0.063984	8.617836	-0.012911	1.726702
2.053737	-0.364719	7.059724	-0.062371	8.415079	-0.013456	1.803102
2.091010	-0.355072	7.046447	-0.060733	8.207848	-0.013360	1.793638
2.128283	-0.343949	7.033500	-0.059084	7.997876	-0.013116	1.764027
2.165455	-0.321002	7.021161	-0.057512	7.797309	-0.011779	1.586718
2.202626	-0.317554	7.009553	-0.056371	7.654460	-0.012152	1.639794
2.240000	-0.337855	6.997083	-0.055210	7.508822	-0.014699	1.987746
2.277374	-0.322977	6.984955	-0.054256	7.391455	-0.014082	1.907389
2.314445	-0.309033	6.973060	-0.053278	7.270057	-0.013538	1.836766
2.351414	-0.305647	6.961898	-0.051893	7.090950	-0.013894	1.888190
2.388687	-0.315331	6.950258	-0.050716	6.940453	-0.015439	2.102091
2.425858	-0.303709	6.938787	-0.049487	6.782245	-0.015083	2.057014
2.463131	-0.294963	6.927602	-0.048007	6.588574	-0.014969	2.044653
2.500505	-0.286195	6.916766	-0.046898	6.445256	-0.014834	2.029395
2.537879	-0.281270	6.906070	-0.046258	6.366490	-0.015032	2.059746
2.575051	-0.282122	6.895616	-0.045674	6.294988	-0.015726	2.158270
2.611919	-0.274436	6.885331	-0.044876	6.193382	-0.015659	2.152270
2.649192	-0.263704	6.875333	-0.043064	5.950373	-0.015309	2.107221
2.686465	-0.236190	6.866027	-0.038835	5.370112	-0.013451	1.853373
2.723636	-0.148474	6.858752	-0.027650	3.821862	-0.006195	0.853668
2.752463	-0.036123	6.855822	-0.012924	1.782457	0.003496	-0.481276
