-0.009090	0.017879	4.748737	-0.003188	0.628967	0.001060	-0.209685
0.001253	0.088014	4.750096	0.000532	-0.105061	0.005505	-1.087306
0.015303	0.188037	4.752261	0.005529	-1.090135	0.011874	-2.340859
0.028939	0.302649	4.755574	0.010407	-2.049206	0.019239	-3.784473
0.042576	0.404394	4.760538	0.014923	-2.932525	0.025907	-5.083558
0.056061	0.486894	4.766672	0.019175	-3.759579	0.031444	-6.155112
0.069545	0.552716	4.773942	0.023199	-4.537374	0.036004	-7.030475
0.083182	0.607771	4.782131	0.026825	-5.232848	0.039946	-7.780625
0.096970	0.645584	4.790775	0.030385	-5.911736	0.042826	-8.321596
0.110606	0.672681	4.799758	0.033474	-6.495961	0.045047	-8.732924
0.123939	0.701558	4.809234	0.036063	-6.980470	0.047418	-9.170129
0.137424	0.729733	4.818977	0.038460	-7.425395	0.049767	-9.600609
0.150909	0.753636	4.828992	0.040491	-7.797756	0.051865	-9.980330
0.164394	0.777484	4.839405	0.042214	-8.109154	0.053988	-10.362350
0.178030	0.795992	4.849935	0.043700	-8.374399	0.055778	-10.679066
0.191667	0.813545	4.861017	0.045026	-8.607344	0.057543	-10.988224
0.205303	0.830268	4.872432	0.046207	-8.811394	0.059279	-11.289472
0.218788	0.850202	4.883853	0.047237	-8.985847	0.061232	-11.629967
0.232424	0.864451	4.895703	0.048000	-9.108687	0.062842	-11.903359
0.246061	0.871361	4.907477	0.048656	-9.211154	0.063968	-12.085093
0.259545	0.874508	4.919073	0.049282	-9.307982	0.064836	-12.218452
0.273182	0.881225	4.931174	0.049726	-9.369558	0.065972	-12.399540
0.286667	0.892780	4.943123	0.049960	-9.391925	0.067424	-12.638653
0.300152	0.896100	4.954972	0.050105	-9.398249	0.068324	-12.774844
0.313636	0.895151	4.966939	0.050167	-9.389165	0.068946	-12.858835
0.327121	0.896532	4.979066	0.050073	-9.350780	0.069733	-12.972394
0.340758	0.892682	4.991212	0.049887	-9.295264	0.070169	-13.021070
0.354394	0.892063	5.003306	0.049676	-9.235522	0.070819	-13.108774
0.368182	0.891741	5.015580	0.049349	-9.154686	0.071500	-13.201077
0.381818	0.890422	5.027788	0.048946	-9.060001	0.072110	-13.280117
0.395303	0.888139	5.039775	0.048418	-8.943292	0.072640	-13.345076
0.408788	0.879021	5.051602	0.047822	-8.815198	0.072694	-13.324001
0.422273	0.864108	5.063286	0.047050	-8.655841	0.072340	-13.229874
0.435758	0.847318	5.074710	0.046267	-8.495040	0.071838	-13.110181
0.449394	0.831697	5.086080	0.045333	-8.307358	0.071408	-13.004107
0.463182	0.808647	5.097283	0.044166	-8.078502	0.070453	-12.804697
0.476667	0.784784	5.107994	0.042967	-7.845694	0.069408	-12.591151
0.490000	0.760177	5.118202	0.041675	-7.597768	0.068277	-12.364324
0.503636	0.731742	5.128165	0.040048	-7.290128	0.066861	-12.088107
0.517273	0.693938	5.137745	0.038223	-6.948134	0.064770	-11.693088
0.530606	0.653784	5.146558	0.036140	-6.561578	0.062466	-11.263094
0.544242	0.606600	5.155161	0.033770	-6.124866	0.059656	-10.744530
0.558030	0.549508	5.163091	0.031007	-5.619450	0.056116	-10.098484
0.571667	0.488712	5.170152	0.028145	-5.097291	0.052268	-9.400139
0.585000	0.429571	5.176279	0.025063	-4.537158	0.048481	-8.715206
0.598485	0.361670	5.181542	0.021663	-3.921065	0.044041	-7.915710
0.612273	0.281637	5.185928	0.017981	-3.255043	0.038716	-6.959926
0.625909	0.195808	5.189250	0.013797	-2.499154	0.032942	-5.924767
0.639729	0.100659	5.191366	0.009334	-1.693072	0.026476	-4.765711
0.649919	0.022273	5.192030	0.006001	-1.091941	0.021108	-3.802947
0.659975	-0.054780	5.191776	0.002987	-0.547338	0.015802	-2.849929
0.686212	-0.225041	5.187531	-0.003661	0.658263	0.003964	-0.717117
0.719242	-0.307978	5.178240	-0.009567	1.735755	-0.002066	0.374844
0.752273	-0.325478	5.167771	-0.013683	2.493142	-0.003673	0.667963
0.785606	-0.344091	5.156602	-0.017084	3.122087	-0.005377	0.980323
0.819091	-0.354481	5.145002	-0.019983	3.661795	-0.006536	1.194738
0.852273	-0.364458	5.133053	-0.022578	4.148749	-0.007678	1.407045
0.885303	-0.374401	5.121029	-0.024581	4.528448	-0.008817	1.619901
0.918485	-0.368644	5.108638	-0.025968	4.795602	-0.008916	1.642141
0.951818	-0.356822	5.096499	-0.026873	4.974851	-0.008603	1.588042
0.985000	-0.346756	5.084790	-0.027553	5.112776	-0.008393	1.552788
1.018182	-0.335324	5.073424	-0.028058	5.218349	-0.008081	1.498438
1.051515	-0.330526	5.062196	-0.028390	5.292373	-0.008208	1.525314
1.084849	-0.317743	5.051293	-0.028563	5.336330	-0.007794	1.451488
1.118030	-0.298430	5.041095	-0.028562	5.347255	-0.006925	1.291934
1.151061	-0.292344	5.031226	-0.028291	5.306818	-0.006919	1.293424
1.184091	-0.284915	5.021754	-0.027893	5.241723	-0.006811	1.275536
1.217121	-0.277810	5.012581	-0.027675	5.210372	-0.006713	1.259574
1.250303	-0.273647	5.003030	-0.027479	5.183582	-0.006826	1.283160
1.283788	-0.270215	4.994049	-0.027294	5.158066	-0.006964	1.311559
1.317121	-0.264384	4.985030	-0.027317	5.172465	-0.006948	1.310884
1.350152	-0.261489	4.976231	-0.027160	5.151937	-0.007116	1.344974
1.383333	-0.261618	4.967401	-0.027119	5.154037	-0.007482	1.416874
1.416515	-0.256860	4.958890	-0.026993	5.139732	-0.007518	1.426144
1.449546	-0.258654	4.950303	-0.026798	5.112366	-0.007983	1.517129
1.482727	-0.256713	4.941646	-0.026504	5.065841	-0.008209	1.562825
1.516212	-0.247112	4.933317	-0.026211	5.018582	-0.007927	1.511537
1.549697	-0.242059	4.925303	-0.025533	4.896199	-0.007927	1.514061
1.582879	-0.240848	4.917425	-0.024793	4.761280	-0.008170	1.563122
1.615909	-0.242529	4.909437	-0.024478	4.708536	-0.008604	1.648983
1.648939	-0.234000	4.901564	-0.023916	4.607111	-0.008378	1.608071
1.682121	-0.227302	4.893929	-0.023167	4.468030	-0.008261	1.588015
1.715303	-0.223162	4.886467	-0.022038	4.254136	-0.008301	1.598298
1.748485	-0.220204	4.879220	-0.021475	4.149999	-0.008409	1.621584
1.781818	-0.220195	4.872094	-0.021017	4.066401	-0.008702	1.680457
1.815000	-0.215487	4.865109	-0.020858	4.040960	-0.008688	1.680309
1.848182	-0.213117	4.858385	-0.020777	4.030482	-0.008814	1.707011
1.881515	-0.217973	4.851484	-0.021183	4.115408	-0.009406	1.824547
1.914545	-0.223965	4.844328	-0.021424	4.168585	-0.010080	1.958414
1.947424	-0.228845	4.837255	-0.021792	4.246352	-0.010679	2.078031
1.980758	-0.229490	4.829604	-0.022398	4.371977	-0.011032	2.150413
2.014394	-0.229144	4.822079	-0.023005	4.498141	-0.011318	2.209700
2.047727	-0.223742	4.814536	-0.023500	4.602721	-0.011286	2.206923
2.080758	-0.226846	4.807122	-0.024010	4.709807	-0.011785	2.308246
2.113939	-0.209981	4.800189	-0.024471	4.807633	-0.011010	2.159158
2.147121	-0.204205	4.793037	-0.024939	4.907991	-0.010942	2.148990
2.180151	-0.193589	4.786438	-0.024772	4.882678	-0.010549	2.074524
2.213333	-0.164857	4.780440	-0.022893	4.518232	-0.008999	1.771387
2.246515	-0.106114	4.775749	-0.017590	3.473171	-0.005519	1.086671
2.271970	-0.029610	4.773736	-0.010330	2.037773	-0.000811	0.159650
