-0.009260	0.024985	5.978620	-0.002835	0.449765	0.001647	-0.261633
0.004482	0.107498	5.980531	0.001459	-0.231494	0.007466	-1.184758
0.023000	0.222672	5.983703	0.007239	-1.147666	0.015644	-2.477879
0.041455	0.345462	5.989028	0.013170	-2.084361	0.024518	-3.874167
0.059818	0.467082	5.996451	0.019448	-3.070945	0.033484	-5.276575
0.078000	0.581853	6.006242	0.025703	-4.048063	0.042170	-6.625091
0.096000	0.676409	6.017600	0.031761	-4.987950	0.049583	-7.765569
0.114000	0.759588	6.030481	0.037399	-5.855635	0.056334	-8.794465
0.132364	0.837901	6.045204	0.042579	-6.645033	0.062904	-9.785920
0.150818	0.919290	6.061384	0.047309	-7.358014	0.069837	-10.823467
0.169091	0.992075	6.078979	0.051512	-7.983462	0.076296	-11.778318
0.187182	1.047387	6.097354	0.054937	-8.484159	0.081590	-12.547327
0.205182	1.089164	6.116649	0.057857	-8.902996	0.085999	-13.174854
0.223455	1.125420	6.137013	0.060346	-9.251906	0.090108	-13.750008
0.241818	1.153212	6.157949	0.062451	-9.539332	0.093660	-14.236014
0.260091	1.178505	6.179144	0.063945	-9.732193	0.097064	-14.695603
0.278455	1.204944	6.200976	0.064958	-9.850372	0.100615	-15.171957
0.296727	1.221336	6.223126	0.065571	-9.907553	0.103461	-15.539428
0.314727	1.228430	6.245032	0.065679	-9.889306	0.105606	-15.801473
0.332727	1.231527	6.267135	0.065434	-9.818506	0.107470	-16.020020
0.351091	1.226457	6.289948	0.064949	-9.711481	0.108776	-16.153513
0.369364	1.218045	6.312326	0.064245	-9.573599	0.109795	-16.245419
0.387455	1.207109	6.334132	0.063393	-9.415822	0.110576	-16.303661
0.405727	1.194126	6.355989	0.062329	-9.227894	0.111200	-16.338650
0.424000	1.176722	6.377545	0.061044	-9.009260	0.111458	-16.321507
0.442182	1.155303	6.398736	0.059654	-8.777035	0.111373	-16.256212
0.460545	1.129393	6.419827	0.058017	-8.510666	0.110926	-16.139750
0.478909	1.107154	6.440327	0.056342	-8.241011	0.110706	-16.057837
0.497182	1.079471	6.460263	0.054409	-7.936366	0.110014	-15.910723
0.515364	1.050682	6.479512	0.052465	-7.632408	0.109174	-15.745181
0.533545	1.016995	6.498327	0.050584	-7.339753	0.107911	-15.521644
0.551727	0.979440	6.516394	0.048662	-7.043409	0.106279	-15.249061
0.570000	0.946988	6.534070	0.046815	-6.759736	0.105003	-15.028745
0.588364	0.905755	6.551016	0.044893	-6.467355	0.102977	-14.705740
0.606545	0.864435	6.566969	0.042841	-6.158671	0.100861	-14.373597
0.624636	0.828381	6.582289	0.040995	-5.881132	0.099099	-14.093904
0.642727	0.787245	6.596898	0.039018	-5.586701	0.096878	-13.752561
0.661000	0.747503	6.610877	0.036986	-5.286108	0.094712	-13.421299
0.679273	0.705890	6.624117	0.034961	-4.988168	0.092337	-13.063567
0.697545	0.660736	6.636577	0.032897	-4.686203	0.089620	-12.660795
0.715727	0.614970	6.648105	0.030813	-4.383029	0.086782	-12.244033
0.733909	0.572027	6.658897	0.028605	-4.063654	0.084108	-11.852556
0.752182	0.517855	6.668849	0.026259	-3.726065	0.080485	-11.331366
0.770364	0.458221	6.677676	0.023884	-3.385663	0.076350	-10.741761
0.788545	0.401064	6.685492	0.021385	-3.028898	0.072340	-10.171756
0.806909	0.332822	6.692372	0.018798	-2.660870	0.067390	-9.473102
0.825364	0.254745	6.697906	0.015960	-2.258183	0.061579	-8.656573
0.843455	0.178539	6.701874	0.013101	-1.853314	0.055820	-7.849081
0.861853	0.094693	6.704199	0.010036	-1.419770	0.049365	-6.945717
0.875659	0.022403	6.704936	0.007503	-1.061704	0.043732	-6.157608
0.887347	-0.040788	6.704855	0.005023	-0.711070	0.038773	-5.463425
0.916000	-0.225294	6.700727	-0.001925	0.273441	0.024120	-3.408111
0.951909	-0.444084	6.688297	-0.011820	1.682940	0.006452	-0.915725
0.987909	-0.580652	6.669453	-0.022179	3.171339	-0.005062	0.721700
1.023909	-0.625878	6.647477	-0.031258	4.490029	-0.009644	1.380500
1.060000	-0.618783	6.625046	-0.039032	5.632144	-0.010229	1.469457
1.096000	-0.589597	6.603248	-0.045142	6.541165	-0.009107	1.312291
1.131909	-0.549170	6.582897	-0.049497	7.199208	-0.007071	1.021850
1.167909	-0.522186	6.563683	-0.052423	7.650743	-0.006013	0.871262
1.203727	-0.500244	6.545483	-0.054119	7.922479	-0.005293	0.769092
1.239818	-0.474074	6.527822	-0.055322	8.122268	-0.004237	0.617128
1.276182	-0.455693	6.510998	-0.056176	8.270254	-0.003732	0.544926
1.312182	-0.445910	6.494983	-0.056568	8.349151	-0.003836	0.561480
1.347909	-0.442049	6.479219	-0.056436	8.350091	-0.004372	0.641662
1.383909	-0.431878	6.463464	-0.055883	8.287872	-0.004439	0.653107
1.420000	-0.421622	6.448151	-0.055224	8.209084	-0.004481	0.660737
1.456182	-0.414482	6.433061	-0.054514	8.121871	-0.004745	0.701363
1.492182	-0.409348	6.418355	-0.053729	8.022474	-0.005140	0.761505
1.528091	-0.404069	6.403939	-0.052871	7.911245	-0.005510	0.818268
1.564182	-0.398468	6.389490	-0.052071	7.808444	-0.005860	0.872272
1.600091	-0.397474	6.375173	-0.051303	7.709739	-0.006543	0.976295
1.636000	-0.390397	6.361124	-0.050508	7.606244	-0.006767	1.011894
1.672091	-0.385660	6.347081	-0.049602	7.485429	-0.007163	1.073612
1.708182	-0.383024	6.333155	-0.048635	7.354598	-0.007708	1.157944
1.744273	-0.383542	6.319309	-0.047700	7.228116	-0.008479	1.276718
1.780273	-0.380485	6.305623	-0.046788	7.104413	-0.008982	1.355440
1.816273	-0.374796	6.292034	-0.045921	6.986908	-0.009289	1.404945
1.852364	-0.369919	6.278662	-0.045013	6.862469	-0.009646	1.462040
1.888364	-0.363338	6.265460	-0.044199	6.751788	-0.009872	1.499490
1.924455	-0.352511	6.252671	-0.043411	6.644184	-0.009772	1.487333
1.960545	-0.344367	6.240148	-0.042508	6.518084	-0.009853	1.502827
1.996364	-0.335138	6.228007	-0.041683	6.403316	-0.009839	1.503600
2.032273	-0.322523	6.216294	-0.041005	6.310412	-0.009563	1.463993
2.068364	-0.313170	6.204763	-0.040299	6.212589	-0.009512	1.459003
2.104455	-0.302482	6.193708	-0.039581	6.112138	-0.009344	1.435676
2.140727	-0.292667	6.182929	-0.038837	6.006972	-0.009225	1.419908
2.176727	-0.286779	6.172523	-0.038180	5.914702	-0.009368	1.444353
2.212455	-0.279413	6.162377	-0.037478	5.814950	-0.009393	1.450637
2.248273	-0.271901	6.152636	-0.036718	5.705217	-0.009388	1.452116
2.284455	-0.262902	6.142908	-0.036007	5.603083	-0.009278	1.437409
2.320636	-0.257531	6.133605	-0.035249	5.492752	-0.009404	1.459111
2.356545	-0.247536	6.124521	-0.034513	5.385385	-0.009193	1.428392
2.392636	-0.240778	6.115702	-0.033823	5.284804	-0.009197	1.431115
2.428636	-0.234947	6.107285	-0.033220	5.197217	-0.009246	1.440718
2.464545	-0.229125	6.099023	-0.032399	5.074922	-0.009288	1.449256
2.500546	-0.223323	6.090832	-0.031606	4.956716	-0.009329	1.457584
2.536546	-0.204381	6.083170	-0.030101	4.725443	-0.008421	1.317212
2.572546	-0.158809	6.076537	-0.025343	3.979819	-0.005594	0.875604
2.608454	-0.082126	6.072084	-0.016543	2.596080	-0.000469	0.073330
2.636102	-0.019683	6.070572	-0.008084	1.267138	0.003827	-0.598657
