-0.003431	0.032254	2.369739	-0.000128	0.050772	0.000240	-0.095293
0.018445	0.092163	2.371495	0.000322	-0.127620	0.000716	-0.283348
0.046623	0.160949	2.375167	0.000794	-0.313825	0.001284	-0.507406
0.075195	0.229189	2.380791	0.001113	-0.438354	0.001876	-0.739325
0.103766	0.286075	2.387966	0.001409	-0.553311	0.002404	-0.944663
0.131948	0.334319	2.396719	0.001755	-0.686047	0.002891	-1.131546
0.160130	0.362681	2.406447	0.001988	-0.773625	0.003241	-1.263259
0.188312	0.391884	2.416927	0.002074	-0.803007	0.003610	-1.400693
0.216883	0.421811	2.428351	0.002292	-0.882915	0.003999	-1.544314
0.245455	0.469834	2.440515	0.002675	-1.024644	0.004543	-1.745070
0.273506	0.531809	2.454301	0.003060	-1.165590	0.005223	-1.994526
0.301688	0.588855	2.470041	0.003365	-1.274222	0.005898	-2.237418
0.330130	0.633613	2.487448	0.003753	-1.412274	0.006506	-2.450099
0.358312	0.657315	2.505667	0.003882	-1.451286	0.006962	-2.602255
0.386623	0.657937	2.523916	0.003805	-1.412959	0.007234	-2.684272
0.414935	0.668114	2.542598	0.003852	-1.420033	0.007591	-2.795633
0.443377	0.687011	2.561620	0.003860	-1.412028	0.008025	-2.933387
0.471818	0.689283	2.581207	0.003920	-1.422447	0.008333	-3.022539
0.500000	0.684989	2.600292	0.003950	-1.422906	0.008580	-3.088749
0.528312	0.684579	2.619492	0.003973	-1.420232	0.008860	-3.165925
0.556623	0.682632	2.638717	0.003848	-1.365150	0.009127	-3.237479
0.584935	0.679763	2.657666	0.003695	-1.301603	0.009382	-3.304085
0.613377	0.675477	2.676688	0.003429	-1.199955	0.009626	-3.365693
0.641688	0.676702	2.695688	0.003165	-1.100388	0.009917	-3.442692
0.669870	0.674816	2.714643	0.003038	-1.049409	0.010181	-3.509198
0.698312	0.676296	2.733724	0.002913	-0.999442	0.010475	-3.585274
0.726753	0.676916	2.752725	0.002665	-0.908190	0.010761	-3.657511
0.755065	0.671777	2.771822	0.002533	-0.856916	0.010998	-3.711910
0.783377	0.665017	2.790665	0.002392	-0.803804	0.011216	-3.759609
0.811688	0.651035	2.809122	0.002279	-0.760555	0.011362	-3.783432
0.840130	0.645619	2.827332	0.002306	-0.764333	0.011580	-3.831205
0.868442	0.645018	2.845471	0.002274	-0.748329	0.011841	-3.892356
0.896623	0.631437	2.863204	0.002288	-0.748229	0.011977	-3.912473
0.924935	0.612283	2.880634	0.002485	-0.807970	0.012055	-3.914160
0.953377	0.599444	2.897812	0.002520	-0.814497	0.012186	-3.933224
0.981818	0.580046	2.914593	0.002612	-0.839126	0.012249	-3.930683
1.010130	0.566682	2.930671	0.002751	-0.879073	0.012356	-3.943302
1.038312	0.561836	2.946513	0.002837	-0.901501	0.012539	-3.980110
1.066623	0.545595	2.961983	0.002884	-0.911441	0.012608	-3.981077
1.095065	0.535413	2.977107	0.002884	-0.906958	0.012729	-3.998589
1.123117	0.517619	2.991760	0.002923	-0.914517	0.012768	-3.991370
1.151429	0.479384	3.005922	0.002767	-0.862068	0.012601	-3.920985
1.180000	0.443252	3.018946	0.002727	-0.845995	0.012436	-3.852993
1.208312	0.424026	3.031273	0.002743	-0.848041	0.012422	-3.833169
1.236623	0.395749	3.042958	0.002459	-0.757792	0.012309	-3.784003
1.264805	0.335063	3.053250	0.002174	-0.668095	0.011857	-3.633337
1.293117	0.270290	3.061790	0.001817	-0.557130	0.011337	-3.464993
1.321688	0.178577	3.068292	0.001199	-0.366658	0.010522	-3.209769
1.350000	0.086852	3.072145	0.000641	-0.196116	0.009668	-2.946568
1.371753	0.019779	3.073281	0.000102	-0.031044	0.009022	-2.749095
1.386922	-0.037935	3.073105	-0.000275	0.084161	0.008451	-2.575751
1.415065	-0.149536	3.070271	-0.000960	0.293782	0.007317	-2.233142
1.452208	-0.231494	3.062789	-0.001187	0.364468	0.006423	-1.965406
1.489870	-0.265179	3.053387	-0.001303	0.402412	0.005982	-1.836348
1.526753	-0.302286	3.042924	-0.001461	0.453062	0.005497	-1.693661
1.563636	-0.372261	3.030501	-0.001974	0.615301	0.004674	-1.446365
1.601169	-0.450659	3.015048	-0.002583	0.809462	0.003742	-1.164218
1.638312	-0.498707	2.997088	-0.002988	0.942205	0.003081	-0.964668
1.675454	-0.525452	2.977798	-0.003475	1.103199	0.002615	-0.824063
1.712857	-0.535985	2.957858	-0.003855	1.232177	0.002298	-0.729158
1.750000	-0.536464	2.937884	-0.004135	1.330481	0.002077	-0.663418
1.787143	-0.552892	2.917674	-0.004698	1.521334	0.001704	-0.548289
1.824156	-0.576888	2.896598	-0.005180	1.690099	0.001255	-0.406718
1.861039	-0.583829	2.874995	-0.005577	1.832496	0.000960	-0.313443
1.898442	-0.589434	2.853041	-0.005923	1.959755	0.000674	-0.221898
1.935844	-0.593856	2.830895	-0.006298	2.097873	0.000398	-0.132098
1.972857	-0.605389	2.808661	-0.006567	2.202652	0.000058	-0.019516
2.010130	-0.607057	2.786132	-0.006765	2.286196	-0.000195	0.065799
2.047533	-0.593395	2.763936	-0.006738	2.293869	-0.000310	0.105275
2.084805	-0.562256	2.742342	-0.006524	2.237794	-0.000267	0.091451
2.121818	-0.521578	2.722420	-0.006332	2.188390	-0.000128	0.044008
2.158701	-0.495408	2.703591	-0.006116	2.128669	-0.000106	0.036908
2.195844	-0.485724	2.685398	-0.006146	2.154045	-0.000222	0.077700
2.233117	-0.474033	2.667409	-0.005943	2.096170	-0.000320	0.112615
2.270260	-0.470529	2.649703	-0.005861	2.081584	-0.000485	0.171856
2.307403	-0.461102	2.632183	-0.005741	2.051836	-0.000598	0.213532
2.344805	-0.442051	2.615447	-0.005467	1.966882	-0.000624	0.224117
2.382078	-0.425435	2.599380	-0.005272	1.908775	-0.000664	0.240089
2.419351	-0.403265	2.583863	-0.004927	1.793815	-0.000654	0.237946
2.456494	-0.383558	2.569195	-0.004712	1.725683	-0.000657	0.240363
2.493377	-0.367752	2.555289	-0.004548	1.674542	-0.000685	0.251908
2.530390	-0.354878	2.541943	-0.004339	1.606045	-0.000732	0.270457
2.567792	-0.339274	2.529022	-0.004035	1.500786	-0.000753	0.279577
2.605065	-0.331509	2.516505	-0.003920	1.465481	-0.000833	0.310965
2.642078	-0.317875	2.504633	-0.003790	1.424518	-0.000860	0.322454
2.679481	-0.305478	2.492873	-0.003605	1.361347	-0.000896	0.337640
2.716883	-0.301675	2.481620	-0.003481	1.319380	-0.000995	0.376762
2.753766	-0.288082	2.470657	-0.003277	1.246596	-0.001014	0.385702
2.790909	-0.275582	2.460114	-0.003019	1.152588	-0.001038	0.396424
2.828052	-0.261369	2.450298	-0.002864	1.097926	-0.001041	0.399059
2.865065	-0.247169	2.441073	-0.002596	0.998558	-0.001037	0.399343
2.902467	-0.224906	2.432176	-0.002367	0.913850	-0.000969	0.374264
2.939610	-0.183919	2.424590	-0.001988	0.770587	-0.000741	0.287223
2.976753	-0.155370	2.418510	-0.001767	0.686464	-0.000593	0.230505
3.014416	-0.135621	2.412840	-0.001523	0.593811	-0.000509	0.198324
3.051558	-0.087119	2.408685	-0.001128	0.440146	-0.000187	0.072921
3.088442	-0.055233	2.406272	-0.000783	0.304664	0.000028	-0.011008
3.125974	-0.045819	2.404397	-0.000592	0.230694	0.000077	-0.030209
3.163117	-0.026842	2.403074	-0.000464	0.181406	0.000206	-0.080681
3.191169	-0.003506	2.402714	-0.000295	0.115470	0.000381	-0.148831
