-0.004659	0.052338	3.749395	-0.000104	0.026078	0.000369	-0.092586
0.018523	0.174522	3.752649	0.000487	-0.122010	0.001327	-0.332608
0.047955	0.325689	3.760105	0.001267	-0.317008	0.002587	-0.647013
0.077273	0.451790	3.771724	0.002029	-0.505878	0.003757	-0.936539
0.106477	0.537342	3.786118	0.002769	-0.687394	0.004694	-1.165540
0.135795	0.600611	3.802867	0.003392	-0.838052	0.005523	-1.365000
0.165114	0.657459	3.821518	0.003886	-0.955387	0.006350	-1.561389
0.194318	0.710952	3.841533	0.004350	-1.063825	0.007186	-1.757434
0.223523	0.755366	3.862864	0.004646	-1.129919	0.007988	-1.942246
0.252841	0.787704	3.885438	0.004776	-1.155194	0.008729	-2.109800
0.282159	0.802336	3.908641	0.004816	-1.158139	0.009352	-2.246737
0.311591	0.817322	3.932506	0.004732	-1.130849	0.009995	-2.386142
0.341250	0.827682	3.956747	0.004682	-1.111904	0.010611	-2.517501
0.370795	0.837216	3.981537	0.004677	-1.103858	0.011235	-2.648519
0.400000	0.843823	4.005983	0.004643	-1.088924	0.011830	-2.771265
0.429205	0.849522	4.030773	0.004606	-1.073665	0.012426	-2.892572
0.458523	0.844129	4.055612	0.004569	-1.058683	0.012935	-2.992499
0.487727	0.841602	4.080300	0.004512	-1.039332	0.013464	-3.095714
0.516932	0.851153	4.105020	0.004418	-1.011664	0.014091	-3.219883
0.546250	0.848110	4.130000	0.004310	-0.980696	0.014623	-3.320892
0.575682	0.854262	4.155076	0.004210	-0.952593	0.015232	-3.437869
0.605227	0.852636	4.180292	0.003944	-0.887202	0.015782	-3.539978
0.634659	0.835500	4.205093	0.003705	-0.828477	0.016194	-3.610813
0.664091	0.823559	4.229443	0.003466	-0.771092	0.016638	-3.688152
0.693409	0.812264	4.253455	0.003132	-0.693264	0.017079	-3.764229
0.722614	0.801556	4.277014	0.003020	-0.664795	0.017514	-3.838525
0.751932	0.785050	4.300221	0.002784	-0.609509	0.017892	-3.899854
0.781250	0.765731	4.322709	0.002663	-0.580126	0.018228	-3.952296
0.810455	0.757332	4.344792	0.002579	-0.558927	0.018647	-4.022270
0.839659	0.737327	4.366729	0.002578	-0.555941	0.018963	-4.069640
0.869091	0.712282	4.387989	0.002582	-0.553993	0.019219	-4.104432
0.898409	0.698534	4.408475	0.002659	-0.567885	0.019553	-4.156235
0.927727	0.686564	4.428663	0.002661	-0.565705	0.019896	-4.209501
0.957159	0.673191	4.448614	0.002600	-0.549960	0.020220	-4.258673
0.986477	0.658496	4.468047	0.002763	-0.581719	0.020520	-4.302907
1.015682	0.646152	4.487253	0.002834	-0.594135	0.020835	-4.350033
1.044886	0.630976	4.505855	0.002863	-0.597256	0.021111	-4.389241
1.074318	0.612592	4.524103	0.002878	-0.598214	0.021349	-4.420798
1.103636	0.588812	4.541862	0.002911	-0.602593	0.021528	-4.440263
1.132955	0.571798	4.558755	0.002942	-0.606884	0.021747	-4.468596
1.162500	0.543569	4.575223	0.002956	-0.607617	0.021854	-4.474522
1.191932	0.511248	4.590675	0.002890	-0.592286	0.021901	-4.469057
1.221136	0.490851	4.605319	0.002917	-0.595987	0.022036	-4.482268
1.250455	0.472125	4.619379	0.002921	-0.595031	0.022173	-4.496233
1.279886	0.437982	4.632602	0.002800	-0.568625	0.022150	-4.478891
1.309091	0.389825	4.644469	0.002632	-0.532953	0.021969	-4.431094
1.338295	0.336340	4.655098	0.002385	-0.481791	0.021710	-4.369195
1.367614	0.259190	4.663861	0.001859	-0.374553	0.021193	-4.257611
1.396932	0.141444	4.669754	0.001114	-0.224038	0.020241	-4.062101
1.419690	0.032128	4.671773	0.000505	-0.101324	0.019283	-3.869009
1.436192	-0.038462	4.671700	0.000099	-0.019701	0.018636	-3.739711
1.470000	-0.157824	4.668009	-0.000367	0.074356	0.017469	-3.509135
1.513295	-0.237369	4.659086	-0.000582	0.118171	0.016561	-3.333762
1.556591	-0.315553	4.647211	-0.000918	0.186629	0.015609	-3.150797
1.600341	-0.398896	4.631683	-0.001134	0.231223	0.014541	-2.945790
1.643750	-0.458909	4.613215	-0.001572	0.321207	0.013632	-2.773030
1.686932	-0.528361	4.591871	-0.002112	0.433436	0.012585	-2.572591
1.730455	-0.573885	4.567732	-0.002772	0.572133	0.011704	-2.405481
1.773864	-0.605619	4.542146	-0.003419	0.709615	0.010921	-2.257625
1.817273	-0.623662	4.515279	-0.003997	0.834650	0.010238	-2.129251
1.860909	-0.634551	4.487922	-0.004395	0.923622	0.009610	-2.011091
1.904432	-0.628929	4.460256	-0.004656	0.984556	0.009121	-1.920831
1.947614	-0.616686	4.433483	-0.004829	1.027326	0.008707	-1.844770
1.991023	-0.616043	4.406828	-0.005111	1.093746	0.008194	-1.746796
2.034659	-0.589590	4.380515	-0.005027	1.082162	0.007908	-1.696140
2.078068	-0.578077	4.355471	-0.005126	1.109971	0.007518	-1.621878
2.121477	-0.582672	4.330312	-0.005354	1.166041	0.006989	-1.516660
2.164886	-0.579748	4.305213	-0.005493	1.203144	0.006525	-1.424332
2.208409	-0.563595	4.280644	-0.005577	1.228835	0.006181	-1.357181
2.251818	-0.550367	4.256358	-0.005504	1.219433	0.005818	-1.284731
2.295114	-0.530064	4.233336	-0.005484	1.221531	0.005536	-1.229261
2.338636	-0.543461	4.210156	-0.005677	1.271466	0.004973	-1.110556
2.382273	-0.535402	4.186760	-0.005717	1.287451	0.004583	-1.029173
2.425682	-0.510679	4.164215	-0.005468	1.238018	0.004344	-0.980761
2.468977	-0.491319	4.142879	-0.005331	1.213219	0.004083	-0.926658
2.512386	-0.472654	4.122174	-0.005249	1.200433	0.003827	-0.873069
2.555682	-0.466701	4.102125	-0.005149	1.183354	0.003482	-0.798206
2.599091	-0.455900	4.082166	-0.005103	1.178245	0.003176	-0.731770
2.642841	-0.446344	4.062595	-0.005007	1.161498	0.002868	-0.663943
2.686364	-0.431531	4.043601	-0.004869	1.134909	0.002611	-0.607470
2.729545	-0.408660	4.025701	-0.004680	1.095466	0.002439	-0.569840
2.773068	-0.387288	4.008503	-0.004431	1.041576	0.002267	-0.531934
2.816591	-0.370849	3.992306	-0.004252	1.003499	0.002075	-0.488897
2.859773	-0.361215	3.976739	-0.004200	0.995185	0.001842	-0.435724
2.903296	-0.348461	3.961393	-0.004003	0.952215	0.001637	-0.388720
2.946818	-0.326548	3.946961	-0.003785	0.903467	0.001519	-0.362167
2.990227	-0.321630	3.933054	-0.003675	0.880297	0.001281	-0.306518
3.033750	-0.300892	3.919518	-0.003425	0.823190	0.001171	-0.281081
3.077159	-0.278101	3.907432	-0.003280	0.790585	0.001104	-0.265821
3.120455	-0.270264	3.895797	-0.003141	0.759130	0.000932	-0.225024
3.163977	-0.252699	3.884570	-0.002980	0.722377	0.000841	-0.203638
3.207614	-0.240113	3.874064	-0.002927	0.711437	0.000726	-0.176313
3.250909	-0.215506	3.864414	-0.002684	0.653988	0.000718	-0.174824
3.294318	-0.183637	3.856232	-0.002411	0.588842	0.000793	-0.193506
3.337727	-0.178406	3.848799	-0.002216	0.542166	0.000683	-0.166971
3.381136	-0.170710	3.841413	-0.001941	0.475731	0.000592	-0.145036
3.424773	-0.126324	3.835391	-0.001650	0.405007	0.000802	-0.196720
3.468182	-0.106359	3.830742	-0.001430	0.351692	0.000857	-0.210418
3.511477	-0.072683	3.827128	-0.000982	0.241762	0.001034	-0.254217
3.544545	-0.025229	3.825547	-0.000549	0.135103	0.001355	-0.333194
