0.003920	0.090963	4.070523	0.000014	-0.003334	0.000622	-0.144239
0.031455	0.186419	4.074891	0.000604	-0.139873	0.001366	-0.316500
0.066909	0.297810	4.083519	0.001368	-0.315931	0.002322	-0.536696
0.102182	0.403035	4.096121	0.001937	-0.445975	0.003337	-0.768626
0.137455	0.505409	4.111856	0.002558	-0.586316	0.004414	-1.012560
0.173091	0.591288	4.131423	0.003136	-0.715303	0.005479	-1.250628
0.208545	0.650705	4.153306	0.003624	-0.821761	0.006427	-1.458802
0.244000	0.708368	4.177074	0.003973	-0.895587	0.007414	-1.672889
0.279455	0.772995	4.202803	0.004430	-0.992706	0.008503	-1.906514
0.314727	0.856628	4.231389	0.004821	-1.073095	0.009804	-2.182611
0.350182	0.882926	4.261976	0.004862	-1.073959	0.010759	-2.377711
0.385636	0.892126	4.293206	0.004934	-1.081427	0.011613	-2.547261
0.421091	0.904702	4.325012	0.004808	-1.045706	0.012507	-2.722681
0.456364	0.894589	4.356759	0.004686	-1.012164	0.013238	-2.860334
0.491818	0.896218	4.388464	0.004545	-0.975818	0.014052	-3.013887
0.527273	0.906751	4.420328	0.004392	-0.937216	0.014937	-3.179905
0.562727	0.907892	4.452208	0.004135	-0.877208	0.015754	-3.329322
0.598364	0.891461	4.484251	0.003752	-0.791220	0.016445	-3.450134
0.633818	0.884892	4.515541	0.003627	-0.759765	0.017190	-3.580889
0.669273	0.894006	4.546845	0.003353	-0.698327	0.018053	-3.734206
0.704545	0.900333	4.578239	0.002967	-0.614014	0.018899	-3.881740
0.739818	0.892856	4.609815	0.002922	-0.600317	0.019645	-4.006787
0.775455	0.909927	4.641546	0.003062	-0.624708	0.020584	-4.168851
0.810909	0.916722	4.674005	0.003096	-0.626558	0.021464	-4.316217
0.846182	0.892269	4.705883	0.002894	-0.581402	0.022086	-4.410797
0.881636	0.855217	4.736500	0.002746	-0.547988	0.022575	-4.478934
0.917273	0.834970	4.766490	0.002544	-0.504343	0.023177	-4.569104
0.952727	0.816454	4.795405	0.002504	-0.493506	0.023765	-4.656226
0.988182	0.798657	4.824090	0.002475	-0.484551	0.024350	-4.742220
1.023636	0.774629	4.851666	0.002579	-0.501929	0.024857	-4.812922
1.058909	0.762720	4.878471	0.002761	-0.533894	0.025440	-4.898316
1.094182	0.757647	4.905098	0.002972	-0.571378	0.026073	-4.992567
1.129636	0.750147	4.931832	0.003145	-0.601440	0.026690	-5.082395
1.165273	0.739896	4.958206	0.003301	-0.627586	0.027274	-5.165556
1.200727	0.717883	4.983837	0.003381	-0.639474	0.027741	-5.226686
1.236182	0.689846	5.008497	0.003315	-0.623700	0.028132	-5.273957
1.271636	0.661214	5.032248	0.003360	-0.629142	0.028493	-5.316152
1.306727	0.634822	5.054760	0.003401	-0.633840	0.028839	-5.356594
1.342182	0.594535	5.076255	0.003286	-0.609916	0.029041	-5.371113
1.377818	0.544711	5.096458	0.003184	-0.589002	0.029126	-5.365610
1.413091	0.510652	5.114586	0.003110	-0.573694	0.029291	-5.376760
1.448364	0.481129	5.131786	0.002934	-0.539618	0.029469	-5.391283
1.483818	0.435614	5.147870	0.002771	-0.508081	0.029481	-5.376678
1.519273	0.398241	5.162364	0.002792	-0.510768	0.029521	-5.368898
1.554727	0.394661	5.176133	0.002980	-0.543792	0.029833	-5.410876
1.590182	0.355577	5.189625	0.002681	-0.487628	0.029830	-5.396485
1.625636	0.268802	5.200239	0.002361	-0.428696	0.029342	-5.297918
1.660909	0.196924	5.208156	0.002077	-0.376677	0.028914	-5.213189
1.696182	0.106748	5.213570	0.001482	-0.268581	0.028265	-5.091445
1.723455	0.025364	5.215618	0.000949	-0.171953	0.027609	-4.971907
1.742727	-0.024516	5.215571	0.000641	-0.116236	0.027175	-4.894220
1.776364	-0.097225	5.213015	0.000483	-0.087586	0.026483	-4.772528
1.820545	-0.144025	5.207651	0.000542	-0.097803	0.025949	-4.681545
1.864545	-0.180711	5.200826	0.000676	-0.122220	0.025468	-4.601258
1.908909	-0.204241	5.192475	0.000938	-0.170409	0.025065	-4.536140
1.953273	-0.248328	5.182689	0.000935	-0.169870	0.024453	-4.434056
1.997273	-0.332231	5.170342	0.000456	-0.082909	0.023439	-4.261130
2.041455	-0.437311	5.153973	-0.000255	0.046824	0.022153	-4.041140
2.085636	-0.542069	5.132715	-0.001152	0.212313	0.020763	-3.804215
2.130000	-0.639586	5.106905	-0.002234	0.415133	0.019338	-3.561889
2.174182	-0.729737	5.077291	-0.003543	0.662100	0.017897	-3.316556
2.218182	-0.809504	5.043716	-0.004572	0.859617	0.016462	-3.071870
2.262545	-0.840914	5.007232	-0.005449	1.031547	0.015373	-2.890134
2.306909	-0.865694	4.969665	-0.006183	1.179134	0.014319	-2.712809
2.351091	-0.877324	4.931481	-0.006669	1.281336	0.013362	-2.551581
2.395091	-0.872130	4.893450	-0.006964	1.348030	0.012548	-2.414950
2.439455	-0.844311	4.855455	-0.007172	1.399071	0.011915	-2.311454
2.483818	-0.836999	4.818377	-0.007354	1.444945	0.011137	-2.177491
2.527818	-0.826157	4.781800	-0.007441	1.471988	0.010398	-2.048855
2.572000	-0.806842	4.745766	-0.007358	1.466415	0.009738	-1.933445
2.616364	-0.793783	4.710530	-0.007352	1.475762	0.009044	-1.809468
2.660545	-0.797109	4.675599	-0.007589	1.534923	0.008230	-1.659203
2.704727	-0.794702	4.640186	-0.007561	1.540264	0.007451	-1.513698
2.748909	-0.767371	4.605926	-0.007426	1.523885	0.006887	-1.409683
2.792727	-0.750278	4.572685	-0.007374	1.523507	0.006266	-1.292091
2.837273	-0.716558	4.540263	-0.006968	1.449519	0.005787	-1.201926
2.881818	-0.673877	4.509501	-0.006613	1.384910	0.005409	-1.131153
2.926000	-0.651372	4.480437	-0.006309	1.329988	0.004916	-1.034916
2.970000	-0.638845	4.452342	-0.006186	1.311889	0.004371	-0.925972
3.014364	-0.612074	4.424650	-0.005862	1.250464	0.003937	-0.839459
3.058727	-0.554252	4.399029	-0.005325	1.141868	0.003774	-0.809389
3.102727	-0.525646	4.375619	-0.005133	1.105901	0.003446	-0.743071
3.146909	-0.522826	4.352430	-0.004937	1.068977	0.002936	-0.636581
3.191273	-0.515054	4.329380	-0.004821	1.049024	0.002465	-0.537305
3.235455	-0.496433	4.307018	-0.004691	1.026297	0.002086	-0.457107
3.279454	-0.456195	4.286269	-0.004293	0.943279	0.001896	-0.417387
3.323818	-0.421998	4.267166	-0.004113	0.907550	0.001698	-0.375531
3.368182	-0.423594	4.248750	-0.004006	0.888112	0.001263	-0.280678
3.412364	-0.408347	4.230457	-0.003797	0.845431	0.000949	-0.211839
3.456545	-0.341280	4.213769	-0.003364	0.752038	0.001031	-0.230976
3.500727	-0.306030	4.200116	-0.003150	0.706624	0.000959	-0.215644
3.544909	-0.316697	4.186417	-0.003104	0.698904	0.000569	-0.128265
3.589273	-0.302738	4.172612	-0.002867	0.647772	0.000345	-0.078156
3.633455	-0.276265	4.160057	-0.002699	0.611836	0.000236	-0.053589
3.677273	-0.252566	4.148630	-0.002620	0.595660	0.000133	-0.030280
3.721636	-0.235425	4.138010	-0.002433	0.554742	0.000003	-0.000732
3.766182	-0.200761	4.128363	-0.002124	0.485650	0.000015	-0.003322
3.810182	-0.154979	4.120776	-0.001823	0.417832	0.000148	-0.033976
3.854182	-0.097441	4.115351	-0.001322	0.303422	0.000411	-0.094354
3.888012	-0.028231	4.112836	-0.000714	0.164025	0.000821	-0.188429
