-0.001485	0.052500	5.079806	-0.000043	0.008033	0.000380	-0.070812
0.019096	0.108428	5.081883	0.000347	-0.064605	0.000863	-0.160584
0.046091	0.176415	5.085858	0.000867	-0.161221	0.001499	-0.278786
0.072909	0.250824	5.091546	0.001466	-0.272318	0.002242	-0.416469
0.099636	0.325296	5.099298	0.001949	-0.361462	0.003058	-0.567040
0.126455	0.387931	5.108724	0.002343	-0.433635	0.003845	-0.711617
0.153455	0.429155	5.119760	0.002704	-0.499159	0.004530	-0.836573
0.180273	0.466948	5.131727	0.003057	-0.562956	0.005224	-0.962261
0.207182	0.505406	5.144884	0.003469	-0.637166	0.005965	-1.095822
0.234182	0.547512	5.159043	0.003744	-0.685745	0.006770	-1.240089
0.261000	0.592565	5.174385	0.004055	-0.740446	0.007640	-1.395100
0.287909	0.631742	5.190765	0.004328	-0.787879	0.008505	-1.547766
0.314909	0.664132	5.208230	0.004388	-0.796095	0.009357	-1.696995
0.341727	0.688430	5.226273	0.004509	-0.815279	0.010171	-1.837880
0.368455	0.708873	5.244851	0.004571	-0.823553	0.010975	-1.975903
0.395364	0.719254	5.263950	0.004670	-0.838160	0.011722	-2.102420
0.422273	0.721711	5.283219	0.004771	-0.853242	0.012415	-2.218262
0.449091	0.729344	5.302580	0.004896	-0.872540	0.013151	-2.340940
0.476091	0.738324	5.322306	0.004933	-0.876165	0.013911	-2.466767
0.502818	0.749997	5.342027	0.004926	-0.871860	0.014693	-2.595438
0.529545	0.755623	5.362006	0.004929	-0.869411	0.015438	-2.716470
0.556455	0.770884	5.382320	0.005006	-0.879499	0.016271	-2.851780
0.583364	0.782433	5.403174	0.004904	-0.858239	0.017094	-2.984170
0.610364	0.777382	5.424055	0.004768	-0.831214	0.017788	-3.093062
0.637091	0.767953	5.444438	0.004658	-0.808744	0.018430	-3.192358
0.664000	0.765079	5.464807	0.004549	-0.786940	0.019124	-3.299751
0.691091	0.760264	5.485310	0.004509	-0.776935	0.019807	-3.404407
0.717818	0.748626	5.505333	0.004468	-0.766906	0.020418	-3.496330
0.744727	0.731770	5.525060	0.004433	-0.758175	0.020976	-3.578747
0.771909	0.720730	5.544704	0.004379	-0.746380	0.021577	-3.667986
0.798545	0.699322	5.563530	0.004291	-0.728870	0.022065	-3.737982
0.825091	0.680416	5.581726	0.004277	-0.724191	0.022551	-3.807466
0.852182	0.652984	5.599597	0.004152	-0.700717	0.022954	-3.862966
0.879182	0.636407	5.616867	0.004243	-0.713676	0.023424	-3.929687
0.905909	0.616701	5.633545	0.004363	-0.731483	0.023847	-3.988545
0.932727	0.601395	5.649749	0.004449	-0.743683	0.024289	-4.050530
0.959636	0.582900	5.665539	0.004321	-0.720359	0.024689	-4.105580
0.986545	0.556615	5.680914	0.004238	-0.704659	0.025010	-4.147411
1.013273	0.529895	5.695356	0.004169	-0.691310	0.025293	-4.183553
1.040182	0.498546	5.709193	0.004073	-0.673913	0.025515	-4.209959
1.067273	0.460285	5.721976	0.003906	-0.644778	0.025641	-4.221310
1.094000	0.417821	5.733569	0.003673	-0.605191	0.025690	-4.220711
1.120909	0.377947	5.744146	0.003529	-0.580480	0.025723	-4.218416
1.147909	0.338214	5.753705	0.003215	-0.527887	0.025721	-4.211114
1.174727	0.292021	5.762025	0.003041	-0.498674	0.025620	-4.188707
1.201455	0.248452	5.769175	0.002689	-0.440550	0.025501	-4.164041
1.228273	0.196086	5.774961	0.002389	-0.391159	0.025258	-4.120550
1.255273	0.142287	5.779445	0.002113	-0.345292	0.024958	-4.068676
1.282091	0.083404	5.782580	0.001682	-0.274473	0.024568	-4.003207
1.302753	0.019305	5.783507	0.001312	-0.213914	0.024058	-3.919791
1.319535	-0.016957	5.783443	0.001171	-0.190952	0.023749	-3.869729
1.353182	-0.080225	5.781867	0.000862	-0.140402	0.023161	-3.775224
1.397000	-0.146258	5.776803	0.000782	-0.127526	0.022431	-3.659868
1.440727	-0.198763	5.769540	0.000659	-0.107454	0.021741	-3.552248
1.484545	-0.254890	5.759734	0.000623	-0.101307	0.020937	-3.427063
1.528364	-0.280608	5.747945	0.000658	-0.107129	0.020322	-3.333652
1.572091	-0.290943	5.735243	0.000640	-0.104269	0.019807	-3.256584
1.616000	-0.296918	5.722448	0.000515	-0.083561	0.019325	-3.184768
1.659909	-0.319459	5.709079	0.000301	-0.047995	0.018687	-3.087076
1.703909	-0.361083	5.694321	-0.000173	0.031127	0.017844	-2.955916
1.747818	-0.401830	5.677569	-0.000588	0.100138	0.016944	-2.815503
1.791364	-0.430682	5.659579	-0.000934	0.158634	0.016103	-2.684630
1.835182	-0.462704	5.640197	-0.001512	0.256371	0.015191	-2.541714
1.879091	-0.491555	5.619326	-0.002091	0.354985	0.014258	-2.394809
1.922909	-0.529434	5.596889	-0.002898	0.492949	0.013201	-2.226605
1.966727	-0.567605	5.572955	-0.003632	0.619383	0.012096	-2.049253
2.010727	-0.602473	5.547230	-0.004235	0.724931	0.010961	-1.865917
2.054727	-0.630168	5.520239	-0.004783	0.821749	0.009844	-1.684437
2.098454	-0.644547	5.492795	-0.005231	0.901955	0.008823	-1.517423
2.142364	-0.659515	5.464543	-0.005766	0.998419	0.007771	-1.343768
2.186182	-0.669168	5.435631	-0.006038	1.050924	0.006742	-1.172235
2.230000	-0.655536	5.406829	-0.006160	1.077544	0.005901	-1.031616
2.273818	-0.630935	5.378685	-0.006029	1.059879	0.005167	-0.908084
2.317545	-0.596724	5.352086	-0.005856	1.034730	0.004557	-0.804891
2.361364	-0.554813	5.327144	-0.005632	0.999855	0.004058	-0.720297
2.405455	-0.509577	5.303898	-0.005297	0.944359	0.003639	-0.648757
2.449455	-0.459106	5.282925	-0.004928	0.881880	0.003332	-0.596476
2.493182	-0.405816	5.264485	-0.004369	0.784528	0.003128	-0.561966
2.537000	-0.366124	5.248305	-0.004026	0.725369	0.002893	-0.521376
2.580727	-0.320489	5.233858	-0.003679	0.665103	0.002760	-0.498638
2.624636	-0.288423	5.220904	-0.003512	0.636849	0.002571	-0.465715
2.668545	-0.258505	5.209417	-0.003169	0.576021	0.002414	-0.438241
2.712273	-0.223666	5.199246	-0.002849	0.518847	0.002337	-0.425123
2.756273	-0.196074	5.190266	-0.002679	0.488580	0.002244	-0.409002
2.800273	-0.175230	5.182287	-0.002440	0.445341	0.002134	-0.389482
2.844091	-0.145476	5.175513	-0.002233	0.408176	0.002130	-0.389345
2.887909	-0.128281	5.169896	-0.002086	0.381620	0.002071	-0.378892
2.931909	-0.119968	5.164360	-0.001923	0.352259	0.001947	-0.356669
2.975636	-0.095361	5.159809	-0.001908	0.349829	0.001979	-0.362736
3.019182	-0.086433	5.156013	-0.001830	0.335718	0.001918	-0.351850
3.063091	-0.080058	5.152347	-0.001810	0.332466	0.001842	-0.338214
3.107091	-0.067807	5.149154	-0.001657	0.304643	0.001826	-0.335509
3.151000	-0.065436	5.146274	-0.001512	0.278114	0.001747	-0.321141
3.194909	-0.052635	5.143669	-0.001376	0.253371	0.001755	-0.322746
3.238636	-0.046223	5.141771	-0.001203	0.221675	0.001739	-0.319912
3.282364	-0.043801	5.140077	-0.001190	0.219304	0.001700	-0.312841
3.326273	-0.043303	5.138304	-0.001112	0.205041	0.001644	-0.302643
3.370000	-0.046978	5.136096	-0.001151	0.212251	0.001542	-0.284037
3.413818	-0.030510	5.127064	-0.000870	0.160500	0.001361	-0.251021
3.447364	-0.009832	5.125731	-0.000547	0.100824	0.001469	-0.271171
