0.000281	0.064960	4.900105	0.000023	-0.004389	0.000523	-0.099645
0.023743	0.136665	4.902855	0.000387	-0.073671	0.001181	-0.224734
0.054343	0.225070	4.908430	0.000937	-0.178024	0.002060	-0.391422
0.084747	0.308702	4.916379	0.001537	-0.291466	0.002975	-0.564300
0.115354	0.386821	4.926788	0.002153	-0.407271	0.003923	-0.742589
0.146162	0.450106	4.939603	0.002517	-0.474790	0.004830	-0.911600
0.176869	0.503508	4.954106	0.002942	-0.553245	0.005712	-1.074664
0.207374	0.557053	4.970099	0.003277	-0.614284	0.006644	-1.245786
0.238081	0.593922	4.987677	0.003595	-0.671421	0.007492	-1.399711
0.268889	0.630511	5.006271	0.004012	-0.746403	0.008373	-1.558128
0.299394	0.666647	5.025928	0.004178	-0.774365	0.009285	-1.720910
0.330000	0.683488	5.046293	0.004228	-0.780413	0.010063	-1.857299
0.360606	0.710079	5.067532	0.004391	-0.807275	0.010951	-2.012376
0.391212	0.729838	5.089435	0.004532	-0.829480	0.011805	-2.159644
0.421717	0.739587	5.111726	0.004749	-0.865700	0.012589	-2.292723
0.452121	0.757385	5.134589	0.004869	-0.883845	0.013460	-2.440073
0.482828	0.765928	5.157806	0.004809	-0.869100	0.014266	-2.574115
0.513434	0.760121	5.181094	0.004604	-0.828508	0.014953	-2.685585
0.543939	0.754929	5.204180	0.004429	-0.793474	0.015638	-2.795922
0.574545	0.744128	5.227164	0.004165	-0.742994	0.016272	-2.896178
0.605152	0.729387	5.249801	0.003783	-0.672009	0.016861	-2.987699
0.635758	0.710686	5.271808	0.003588	-0.634487	0.017395	-3.069101
0.666465	0.700253	5.293388	0.003398	-0.598516	0.017986	-3.160117
0.697172	0.694669	5.314775	0.003347	-0.587187	0.018612	-3.256736
0.727475	0.680291	5.335664	0.003266	-0.570552	0.019146	-3.336720
0.758081	0.663631	5.356214	0.003143	-0.546882	0.019648	-3.410822
0.788990	0.653112	5.376573	0.003084	-0.534529	0.020198	-3.492634
0.819798	0.642783	5.396425	0.003033	-0.523822	0.020732	-3.571619
0.850202	0.623962	5.415775	0.002951	-0.507722	0.021175	-3.634613
0.880505	0.599839	5.434355	0.002848	-0.488275	0.021545	-3.685282
0.911212	0.587748	5.452587	0.002906	-0.496541	0.022011	-3.752102
0.941818	0.580631	5.470548	0.003043	-0.518258	0.022513	-3.824706
0.972424	0.572193	5.488167	0.003175	-0.538865	0.022991	-3.893194
1.003030	0.562774	5.505680	0.003234	-0.546993	0.023457	-3.959202
1.033535	0.551963	5.522576	0.003316	-0.559053	0.023891	-4.019791
1.064040	0.540054	5.539250	0.003388	-0.569425	0.024307	-4.077249
1.094646	0.530365	5.555690	0.003416	-0.572447	0.024736	-4.136609
1.125354	0.521255	5.571774	0.003527	-0.589342	0.025158	-4.194836
1.155960	0.508498	5.587606	0.003649	-0.608025	0.025539	-4.245986
1.186566	0.495470	5.603054	0.003628	-0.602734	0.025904	-4.294637
1.217172	0.466039	5.617918	0.003520	-0.583091	0.026099	-4.315353
1.247980	0.427315	5.631655	0.003257	-0.538288	0.026170	-4.316634
1.278687	0.382087	5.643990	0.002996	-0.493856	0.026136	-4.301599
1.309192	0.339739	5.654882	0.002734	-0.449786	0.026081	-4.284461
1.339899	0.297874	5.664632	0.002442	-0.400925	0.025995	-4.262937
1.370505	0.250002	5.672956	0.001990	-0.326097	0.025806	-4.225959
1.401010	0.194823	5.679677	0.001748	-0.285672	0.025498	-4.170823
1.431515	0.140413	5.684682	0.001406	-0.229448	0.025143	-4.109421
1.462121	0.079091	5.688188	0.000987	-0.160760	0.024676	-4.030999
1.485551	0.020369	5.689397	0.000598	-0.097161	0.024163	-3.946663
1.502337	-0.015289	5.689394	0.000356	-0.057496	0.023829	-3.892281
1.534343	-0.079908	5.687822	-0.000039	0.007221	0.023175	-3.786998
1.575859	-0.147551	5.683194	-0.000397	0.065850	0.022401	-3.663952
1.617172	-0.192939	5.676622	-0.000681	0.112576	0.021777	-3.566425
1.658687	-0.231841	5.668346	-0.000981	0.162267	0.021163	-3.471354
1.700202	-0.278472	5.658069	-0.001305	0.216356	0.020419	-3.355709
1.741616	-0.310737	5.646431	-0.001527	0.253915	0.019768	-3.255885
1.783232	-0.340530	5.633612	-0.001849	0.308108	0.019107	-3.154460
1.824950	-0.369345	5.619446	-0.002188	0.365460	0.018416	-3.048361
1.866364	-0.397432	5.604034	-0.002579	0.431935	0.017696	-2.937561
1.907879	-0.422529	5.587434	-0.003017	0.506527	0.016969	-2.825676
1.949495	-0.432395	5.570107	-0.003242	0.546129	0.016362	-2.733343
1.990909	-0.438914	5.552575	-0.003453	0.583497	0.015780	-2.644727
2.032323	-0.448208	5.534587	-0.003648	0.618213	0.015160	-2.549337
2.073737	-0.459160	5.516166	-0.003951	0.671435	0.014513	-2.448937
2.115252	-0.476288	5.497125	-0.004304	0.733701	0.013793	-2.335740
2.156869	-0.484438	5.477365	-0.004582	0.783276	0.013134	-2.232326
2.198283	-0.492018	5.457217	-0.004858	0.833229	0.012468	-2.127344
2.239697	-0.494201	5.436885	-0.005066	0.871953	0.011847	-2.029061
2.281313	-0.496584	5.416307	-0.005259	0.908145	0.011217	-1.928629
2.322828	-0.499367	5.395689	-0.005316	0.921347	0.010582	-1.826680
2.364141	-0.496204	5.375159	-0.005387	0.937267	0.010003	-1.733500
2.405555	-0.490982	5.354783	-0.005457	0.953030	0.009447	-1.643480
2.447172	-0.491388	5.334372	-0.005559	0.974472	0.008840	-1.543984
2.488687	-0.492034	5.314000	-0.005604	0.986202	0.008233	-1.443581
2.530303	-0.495037	5.293507	-0.005676	1.002692	0.007602	-1.338247
2.572020	-0.493878	5.272866	-0.005775	1.023942	0.007003	-1.237767
2.613636	-0.489417	5.252312	-0.005685	1.011870	0.006435	-1.141982
2.655152	-0.478353	5.232294	-0.005470	0.977383	0.005940	-1.058189
2.696566	-0.471415	5.212770	-0.005471	0.981055	0.005423	-0.969863
2.738081	-0.461166	5.193360	-0.005306	0.954745	0.004938	-0.886457
2.779697	-0.451353	5.174467	-0.005191	0.937341	0.004464	-0.804325
2.821111	-0.447301	5.155886	-0.005109	0.925651	0.003950	-0.714346
2.862525	-0.441569	5.137444	-0.004960	0.901803	0.003454	-0.626978
2.904141	-0.431102	5.119349	-0.004876	0.889675	0.003008	-0.547983
2.945657	-0.411897	5.101817	-0.004537	0.830525	0.002651	-0.484642
2.987071	-0.392966	5.085267	-0.004252	0.780797	0.002320	-0.425501
3.028485	-0.376771	5.069423	-0.004092	0.753511	0.001986	-0.365419
3.069899	-0.364388	5.054308	-0.003884	0.717197	0.001641	-0.302944
3.111515	-0.342868	5.039680	-0.003544	0.656415	0.001386	-0.256568
3.153030	-0.314756	5.026170	-0.003312	0.614995	0.001217	-0.225898
3.194444	-0.288578	5.013739	-0.003060	0.569791	0.001063	-0.197812
3.236162	-0.263042	5.002258	-0.002741	0.511185	0.000931	-0.173648
3.277677	-0.229637	4.992217	-0.002451	0.457943	0.000905	-0.169168
3.318990	-0.200506	4.983301	-0.002224	0.416216	0.000877	-0.164192
3.360505	-0.177906	4.975382	-0.001975	0.370047	0.000825	-0.154640
3.402020	-0.153424	4.968400	-0.001793	0.336523	0.000815	-0.153053
3.443333	-0.120522	4.962891	-0.001459	0.274033	0.000917	-0.172435
3.484848	-0.064554	4.958991	-0.001044	0.196328	0.001254	-0.235939
3.516667	-0.013888	4.957707	-0.000557	0.104769	0.001626	-0.305994
