0.002026	0.052960	2.870056	0.000010	-0.003293	0.000328	-0.107249
0.028571	0.102236	2.872266	0.000225	-0.073312	0.000664	-0.216579
0.063377	0.147681	2.876885	0.000564	-0.183603	0.001010	-0.328776
0.098312	0.196415	2.882669	0.000752	-0.244456	0.001393	-0.452665
0.132857	0.245549	2.890093	0.001089	-0.352497	0.001803	-0.584421
0.167403	0.312127	2.899439	0.001552	-0.500459	0.002352	-0.759601
0.202208	0.388925	2.911181	0.002014	-0.646484	0.003002	-0.965492
0.237013	0.444270	2.925119	0.002588	-0.826819	0.003553	-1.137008
0.271818	0.494960	2.940844	0.002935	-0.932519	0.004104	-1.306103
0.306623	0.538808	2.958587	0.003238	-1.023073	0.004645	-1.469100
0.341299	0.573127	2.977496	0.003443	-1.081590	0.005145	-1.616773
0.375844	0.593782	2.997231	0.003615	-1.128501	0.005572	-1.739230
0.410649	0.612793	3.017982	0.003654	-1.133532	0.006006	-1.861404
0.445455	0.626985	3.039469	0.003679	-1.133581	0.006421	-1.975633
0.480130	0.643436	3.061528	0.003670	-1.122956	0.006860	-2.095479
0.514805	0.644411	3.083898	0.003407	-1.035609	0.007203	-2.184043
0.549351	0.634588	3.105931	0.003190	-0.962978	0.007469	-2.248291
0.584156	0.630083	3.127843	0.003050	-0.914571	0.007767	-2.321678
0.619091	0.630948	3.149953	0.002852	-0.849284	0.008106	-2.405522
0.653636	0.631492	3.171810	0.002675	-0.791268	0.008438	-2.486682
0.688052	0.638729	3.193625	0.002541	-0.746562	0.008816	-2.580149
0.722727	0.642091	3.215843	0.002470	-0.720666	0.009174	-2.666166
0.757532	0.639276	3.238189	0.002351	-0.681226	0.009492	-2.739091
0.792208	0.634287	3.260286	0.002216	-0.638123	0.009789	-2.805722
0.826753	0.625270	3.281985	0.002302	-0.658023	0.010052	-2.861849
0.861429	0.619999	3.303610	0.002392	-0.678769	0.010340	-2.924353
0.896104	0.612348	3.325159	0.002485	-0.699838	0.010609	-2.980867
0.930909	0.597347	3.346202	0.002468	-0.690191	0.010817	-3.019977
0.965714	0.582527	3.367057	0.002559	-0.710188	0.011022	-3.057999
1.000390	0.568308	3.387026	0.002648	-0.729826	0.011217	-3.093587
1.035065	0.559479	3.406625	0.002798	-0.766403	0.011445	-3.138161
1.069610	0.568492	3.426122	0.002966	-0.806879	0.011803	-3.217777
1.104416	0.552318	3.445647	0.003046	-0.823700	0.011975	-3.245919
1.139351	0.518163	3.464526	0.002970	-0.798671	0.012000	-3.235086
1.173896	0.481593	3.481932	0.002822	-0.754897	0.011983	-3.214293
1.208442	0.451036	3.497906	0.002659	-0.708157	0.011987	-3.200834
1.243247	0.424174	3.513157	0.002538	-0.672028	0.012007	-3.192257
1.278052	0.406994	3.527380	0.002460	-0.647824	0.012084	-3.199820
1.312727	0.394944	3.541294	0.002437	-0.638374	0.012195	-3.216513
1.347273	0.383388	3.554790	0.002406	-0.626449	0.012304	-3.232676
1.381818	0.368649	3.567889	0.002385	-0.617284	0.012381	-3.240968
1.416494	0.340351	3.580307	0.002360	-0.607455	0.012342	-3.219638
1.451429	0.305963	3.591757	0.002335	-0.598843	0.012240	-3.182997
1.486234	0.283411	3.602012	0.002261	-0.579061	0.012212	-3.166671
1.520909	0.277502	3.611862	0.002245	-0.573534	0.012307	-3.182669
1.555584	0.246446	3.620905	0.002183	-0.555707	0.012193	-3.145438
1.590130	0.198963	3.628545	0.001987	-0.504092	0.011929	-3.070965
1.624935	0.144052	3.634351	0.001711	-0.432652	0.011578	-2.976272
1.659870	0.079842	3.638307	0.001446	-0.364155	0.011127	-2.857586
1.686234	0.018961	3.639740	0.001191	-0.298315	0.010666	-2.738573
1.703896	-0.005733	3.639792	0.001049	-0.261826	0.010472	-2.688825
1.734026	-0.033056	3.639147	0.001056	-0.263208	0.010248	-2.631820
1.773636	-0.060629	3.637522	0.001141	-0.285280	0.010008	-2.571578
1.813506	-0.080081	3.634793	0.001379	-0.347065	0.009818	-2.524655
1.853247	-0.118831	3.631207	0.001354	-0.341026	0.009464	-2.436332
1.892987	-0.197895	3.624836	0.001021	-0.256329	0.008757	-2.258721
1.932727	-0.285052	3.614861	0.000624	-0.154875	0.007942	-2.054523
1.972338	-0.348277	3.602026	0.000244	-0.055762	0.007280	-1.890411
2.011688	-0.399894	3.587397	-0.000207	0.063313	0.006689	-1.744360
2.051558	-0.446935	3.570710	-0.000567	0.158930	0.006111	-1.601277
2.091429	-0.489824	3.552065	-0.000949	0.259871	0.005544	-1.460432
2.131039	-0.527050	3.532012	-0.001391	0.376607	0.005005	-1.326321
2.170779	-0.569323	3.510266	-0.001983	0.535951	0.004411	-1.176307
2.210520	-0.586058	3.487249	-0.002255	0.611327	0.003998	-1.073271
2.250260	-0.583936	3.463790	-0.002400	0.654009	0.003722	-1.006092
2.289870	-0.572501	3.440815	-0.002535	0.696849	0.003522	-0.958286
2.329610	-0.563856	3.418052	-0.002699	0.748996	0.003302	-0.904592
2.369351	-0.568320	3.395321	-0.002943	0.822290	0.002986	-0.823590
2.409221	-0.564653	3.372490	-0.003145	0.883796	0.002729	-0.757752
2.448831	-0.563315	3.350043	-0.003310	0.935918	0.002459	-0.687499
2.488312	-0.569905	3.327432	-0.003583	1.019347	0.002131	-0.599729
2.528182	-0.579322	3.304120	-0.003872	1.108088	0.001774	-0.502905
2.568182	-0.575948	3.280688	-0.003998	1.149782	0.001507	-0.430440
2.607922	-0.575993	3.257698	-0.004178	1.206862	0.001222	-0.351489
2.647273	-0.568758	3.235078	-0.004157	1.207515	0.000993	-0.287449
2.686753	-0.560027	3.212875	-0.004192	1.226081	0.000778	-0.226838
2.726364	-0.552860	3.190688	-0.004244	1.250217	0.000552	-0.162060
2.766104	-0.534711	3.168936	-0.004186	1.241249	0.000406	-0.119975
2.806104	-0.521111	3.147799	-0.004052	1.207859	0.000235	-0.069913
2.845974	-0.505178	3.127314	-0.003952	1.184972	0.000087	-0.025978
2.885455	-0.483813	3.107624	-0.003756	1.133317	-0.000016	0.004950
2.925065	-0.469863	3.088847	-0.003679	1.116526	-0.000159	0.048284
2.964935	-0.455568	3.070405	-0.003548	1.082049	-0.000296	0.090478
3.004675	-0.435667	3.052732	-0.003347	1.026707	-0.000388	0.119166
3.044415	-0.418112	3.035862	-0.003288	1.013440	-0.000486	0.150196
3.084026	-0.397461	3.019786	-0.003125	0.967090	-0.000556	0.172521
3.123766	-0.374913	3.004716	-0.002968	0.922419	-0.000601	0.187612
3.163507	-0.346453	2.990783	-0.002754	0.857214	-0.000596	0.186713
3.203247	-0.319593	2.977773	-0.002515	0.785894	-0.000590	0.185768
3.242857	-0.299587	2.966001	-0.002466	0.774938	-0.000614	0.193994
3.282727	-0.278350	2.954911	-0.002237	0.705681	-0.000622	0.197257
3.322598	-0.252160	2.944670	-0.001975	0.626176	-0.000588	0.187286
3.361948	-0.206869	2.935903	-0.001636	0.520523	-0.000416	0.132771
3.401558	-0.161384	2.928900	-0.001320	0.422341	-0.000221	0.070578
3.441299	-0.118971	2.923640	-0.000988	0.317981	-0.000023	0.007290
3.481039	-0.078241	2.920231	-0.000694	0.223870	0.000188	-0.060438
3.520779	-0.053502	2.917922	-0.000547	0.177054	0.000313	-0.100539
3.560649	-0.036428	2.916444	-0.000422	0.136760	0.000401	-0.128704
3.600260	-0.014046	2.915560	-0.000272	0.089248	0.000529	-0.170135
3.630390	0.000000	2.915429	-0.000192	0.064968	0.000616	-0.197947
