-0.002780	0.060523	3.969510	-0.000108	0.025508	0.000447	-0.105814
0.017747	0.196737	3.973152	0.000684	-0.161688	0.001545	-0.365586
0.044318	0.381302	3.980986	0.001795	-0.423584	0.003096	-0.730672
0.070909	0.542966	3.993397	0.002862	-0.672749	0.004573	-1.075394
0.097386	0.659436	4.009365	0.003792	-0.887656	0.005786	-1.355011
0.123977	0.775221	4.028548	0.004845	-1.128292	0.007070	-1.647111
0.150455	0.866143	4.050663	0.005693	-1.318623	0.008232	-1.906891
0.176818	0.910518	4.074208	0.006143	-1.414765	0.009071	-2.088746
0.203182	0.935037	4.098686	0.006230	-1.426569	0.009779	-2.237998
0.229545	0.944942	4.123469	0.006213	-1.414689	0.010382	-2.361234
0.256136	0.946268	4.148615	0.006087	-1.378055	0.010925	-2.469446
0.282614	0.952321	4.173584	0.006074	-1.367018	0.011502	-2.584126
0.309091	0.965526	4.198968	0.006053	-1.354211	0.012147	-2.712068
0.335568	0.971767	4.224474	0.005831	-1.296959	0.012739	-2.826853
0.361932	0.974332	4.249735	0.005560	-1.229628	0.013298	-2.932890
0.388409	0.989283	4.275762	0.005436	-1.195096	0.013974	-3.062898
0.414886	0.994884	4.301854	0.005145	-1.124464	0.014577	-3.175259
0.441364	0.985551	4.327869	0.004724	-1.026320	0.015056	-3.259467
0.467727	0.971323	4.353420	0.004417	-0.954256	0.015483	-3.331999
0.494205	0.964014	4.378901	0.004221	-0.906586	0.015965	-3.415516
0.520682	0.955089	4.404104	0.003964	-0.846629	0.016427	-3.494033
0.546932	0.944601	4.428823	0.003779	-0.802450	0.016866	-3.566937
0.573409	0.935802	4.453578	0.003820	-0.806383	0.017318	-3.642008
0.600000	0.921769	4.478030	0.003795	-0.796552	0.017719	-3.705670
0.626364	0.890889	4.501821	0.003694	-0.771049	0.017959	-3.735970
0.652841	0.871937	4.525166	0.003585	-0.744107	0.018291	-3.785119
0.679318	0.856934	4.547990	0.003550	-0.733038	0.018644	-3.838677
0.705682	0.836143	4.570101	0.003642	-0.748279	0.018931	-3.878653
0.732045	0.841101	4.591972	0.003788	-0.774576	0.019437	-3.963065
0.758523	0.845756	4.614122	0.003812	-0.775524	0.019947	-4.047195
0.785114	0.840130	4.636486	0.003942	-0.797929	0.020371	-4.112996
0.811477	0.834192	4.658473	0.004199	-0.845652	0.020784	-4.176283
0.837727	0.836615	4.680193	0.004497	-0.901410	0.021266	-4.252949
0.864205	0.846389	4.702230	0.004735	-0.944403	0.021822	-4.343137
0.890682	0.855432	4.724475	0.005031	-0.998585	0.022376	-4.432049
0.917159	0.866106	4.747150	0.005397	-1.066245	0.022955	-4.524603
0.943523	0.873925	4.769874	0.005626	-1.105914	0.023510	-4.611557
0.970114	0.864669	4.792959	0.005744	-1.123908	0.023917	-4.668506
0.996591	0.848657	4.815279	0.005852	-1.139938	0.024245	-4.710317
1.022841	0.833920	4.836998	0.005947	-1.153582	0.024570	-4.751919
1.049432	0.805430	4.858649	0.005869	-1.133179	0.024765	-4.768176
1.076023	0.764112	4.879285	0.005552	-1.067167	0.024816	-4.757859
1.102500	0.701073	4.898596	0.005161	-0.987797	0.024632	-4.704226
1.128750	0.629001	4.916072	0.004616	-0.880021	0.024320	-4.628489
1.155114	0.551705	4.931406	0.003998	-0.759053	0.023910	-4.536644
1.181591	0.459415	4.944551	0.003203	-0.605780	0.023307	-4.411225
1.208068	0.360613	4.955081	0.002266	-0.426958	0.022586	-4.266211
1.234659	0.258816	4.963109	0.001446	-0.271431	0.021781	-4.108309
1.261023	0.136720	4.968296	0.000500	-0.092656	0.020724	-3.905694
1.281250	0.033295	4.969892	-0.000223	0.044007	0.019772	-3.725770
1.296023	-0.033011	4.969807	-0.000680	0.130515	0.019140	-3.607140
1.323636	-0.137320	4.967441	-0.001448	0.275768	0.018102	-3.413918
1.360000	-0.257686	4.960137	-0.002242	0.426234	0.016819	-3.177382
1.396136	-0.333094	4.949431	-0.002616	0.498060	0.015901	-3.010918
1.432159	-0.393971	4.936408	-0.002897	0.552249	0.015079	-2.863327
1.468523	-0.444860	4.921415	-0.003231	0.617259	0.014318	-2.727440
1.504773	-0.497809	4.904379	-0.003744	0.717835	0.013502	-2.581422
1.540909	-0.542546	4.885847	-0.004214	0.811031	0.012739	-2.445156
1.577386	-0.585601	4.865117	-0.004580	0.885666	0.011955	-2.304718
1.613750	-0.616547	4.843447	-0.005130	0.997437	0.011269	-2.182463
1.649659	-0.653482	4.820736	-0.005772	1.127952	0.010512	-2.045684
1.685795	-0.685012	4.796445	-0.006220	1.221646	0.009778	-1.912915
1.722273	-0.705709	4.771244	-0.006671	1.317584	0.009131	-1.795835
1.758523	-0.718414	4.745512	-0.007044	1.398589	0.008548	-1.690500
1.794773	-0.709316	4.719656	-0.006982	1.393447	0.008160	-1.622821
1.831136	-0.700786	4.694185	-0.006989	1.402615	0.007774	-1.554516
1.867386	-0.701432	4.668932	-0.007123	1.437046	0.007309	-1.469682
1.903523	-0.694827	4.643754	-0.007074	1.434707	0.006911	-1.397174
1.939659	-0.697336	4.618685	-0.007138	1.455632	0.006434	-1.307882
1.975796	-0.696492	4.593499	-0.007249	1.486127	0.005984	-1.223287
2.012273	-0.691881	4.568181	-0.007192	1.482391	0.005565	-1.144048
2.048636	-0.682846	4.543253	-0.007170	1.485987	0.005191	-1.073143
2.084659	-0.669257	4.519003	-0.007043	1.467175	0.004868	-1.011846
2.121136	-0.654941	4.494909	-0.006957	1.457017	0.004553	-0.951517
2.157273	-0.638424	4.471495	-0.006873	1.446675	0.004269	-0.896692
2.193068	-0.626101	4.448885	-0.006728	1.423390	0.003961	-0.836460
2.229545	-0.623146	4.426144	-0.006607	1.404764	0.003572	-0.758211
2.266023	-0.611585	4.403533	-0.006471	1.383121	0.003257	-0.694976
2.302159	-0.617133	4.381506	-0.006529	1.402827	0.002810	-0.602565
2.338523	-0.624769	4.359060	-0.006577	1.420376	0.002338	-0.504025
2.374886	-0.624395	4.336190	-0.006610	1.435415	0.001925	-0.417307
2.411023	-0.622313	4.313669	-0.006595	1.439869	0.001533	-0.334097
2.447159	-0.613712	4.291240	-0.006358	1.395125	0.001196	-0.262003
2.483295	-0.588121	4.269673	-0.006155	1.357612	0.001012	-0.222764
2.519546	-0.557192	4.248918	-0.005870	1.301090	0.000883	-0.195459
2.556023	-0.527847	4.229404	-0.005478	1.219682	0.000763	-0.169548
2.592386	-0.532111	4.210444	-0.005529	1.236104	0.000382	-0.085185
2.628523	-0.544727	4.190894	-0.005528	1.241594	-0.000077	0.017189
2.664773	-0.531673	4.171450	-0.005387	1.215540	-0.000328	0.074014
2.700909	-0.516781	4.152563	-0.005128	1.162369	-0.000556	0.125967
2.737046	-0.498815	4.134301	-0.004923	1.121125	-0.000750	0.170495
2.773409	-0.479131	4.116642	-0.004750	1.086322	-0.000919	0.210051
2.809773	-0.440324	4.100029	-0.004286	0.984133	-0.000923	0.211621
2.845909	-0.398441	4.084831	-0.003851	0.887732	-0.000878	0.202152
2.882273	-0.359449	4.071259	-0.003551	0.821227	-0.000828	0.191262
2.918750	-0.302816	4.059368	-0.003082	0.714968	-0.000613	0.141918
2.954659	-0.245477	4.049570	-0.002606	0.606067	-0.000355	0.082426
2.990795	-0.204679	4.041414	-0.002100	0.489057	-0.000195	0.045433
3.027273	-0.119680	4.035474	-0.001244	0.290047	0.000344	-0.080118
3.055361	-0.026994	4.033163	-0.000595	0.138571	0.001010	-0.235376
