0.002233	0.038391	5.980161	0.000049	-0.007724	0.000245	-0.038346
0.039394	0.101772	5.983165	0.000423	-0.066206	0.000759	-0.118775
0.087778	0.163605	5.989742	0.000967	-0.150998	0.001408	-0.219969
0.136263	0.219912	5.999146	0.001381	-0.215437	0.002136	-0.333277
0.184950	0.296246	6.011724	0.001953	-0.303944	0.003119	-0.485538
0.233232	0.382656	6.028293	0.002589	-0.401829	0.004329	-0.671875
0.281616	0.447954	6.048418	0.003250	-0.502729	0.005554	-0.858891
0.330303	0.499827	6.071602	0.003708	-0.571296	0.006821	-1.050640
0.378788	0.541610	6.096952	0.003892	-0.596950	0.008116	-1.244574
0.427172	0.557100	6.123773	0.003780	-0.577380	0.009305	-1.420480
0.475556	0.567538	6.150848	0.003789	-0.576353	0.010474	-1.591613
0.523939	0.599748	6.178965	0.003914	-0.592584	0.011828	-1.788674
0.572323	0.628623	6.208765	0.004054	-0.610803	0.013231	-1.990813
0.620808	0.634475	6.239502	0.004077	-0.611395	0.014525	-2.174351
0.669596	0.624323	6.270117	0.003883	-0.579724	0.015710	-2.339927
0.718081	0.621914	6.300383	0.003603	-0.535683	0.016933	-2.509419
0.766465	0.625171	6.330622	0.003432	-0.508219	0.018192	-2.682679
0.815152	0.637911	6.361348	0.003323	-0.489957	0.019535	-2.866303
0.863636	0.652988	6.392671	0.003339	-0.490120	0.020921	-3.053888
0.911919	0.649926	6.424222	0.003103	-0.453251	0.022195	-3.223447
0.960505	0.634585	6.455246	0.002822	-0.409980	0.023366	-3.376602
1.008990	0.630983	6.485900	0.002712	-0.391771	0.024601	-3.537643
1.057374	0.623544	6.516361	0.002627	-0.377387	0.025802	-3.692442
1.105960	0.605542	6.546108	0.002473	-0.353486	0.026902	-3.831766
1.154343	0.595569	6.575248	0.002420	-0.344276	0.028032	-3.974385
1.202929	0.587561	6.603994	0.002438	-0.345080	0.029159	-4.115591
1.251414	0.575757	6.632061	0.002489	-0.350294	0.030232	-4.248386
1.299798	0.552649	6.659340	0.002386	-0.334417	0.031194	-4.365025
1.348283	0.530658	6.685606	0.002331	-0.325058	0.032121	-4.476558
1.396869	0.525206	6.711099	0.002409	-0.334633	0.033132	-4.599315
1.445354	0.524193	6.736424	0.002526	-0.350222	0.034167	-4.724629
1.493636	0.505347	6.761116	0.002539	-0.351132	0.035051	-4.828567
1.542222	0.486517	6.784997	0.002694	-0.371106	0.035901	-4.927700
1.590707	0.472993	6.808164	0.002829	-0.387834	0.036759	-5.027728
1.639192	0.463446	6.830868	0.002844	-0.388477	0.037626	-5.128659
1.687879	0.437651	6.852649	0.002829	-0.385651	0.038338	-5.208649
1.736465	0.409781	6.873194	0.002703	-0.367605	0.038983	-5.280079
1.784848	0.385942	6.892280	0.002661	-0.360718	0.039596	-5.347931
1.833333	0.364003	6.910159	0.002698	-0.364749	0.040173	-5.411439
1.881818	0.343066	6.927052	0.002715	-0.366093	0.040716	-5.470865
1.930202	0.314641	6.942836	0.002631	-0.353717	0.041159	-5.517432
1.978586	0.306484	6.957698	0.002741	-0.367784	0.041710	-5.579086
2.027071	0.287021	6.972029	0.002736	-0.366582	0.042157	-5.626989
2.075758	0.248532	6.984886	0.002628	-0.351351	0.042403	-5.649293
2.124141	0.214329	6.995753	0.002786	-0.371709	0.042598	-5.666357
2.172525	0.200341	7.005760	0.002747	-0.366025	0.042906	-5.698968
2.221111	0.177659	7.014892	0.002651	-0.353412	0.043114	-5.718973
2.269495	0.136587	7.022492	0.002523	-0.336659	0.043123	-5.713958
2.317879	0.080501	7.027668	0.002358	-0.314242	0.042920	-5.683152
2.354848	0.024055	7.029634	0.002104	-0.280226	0.042584	-5.637256
2.384646	-0.006144	7.029763	0.002019	-0.268816	0.042366	-5.608471
2.440505	-0.054469	7.028206	0.001878	-0.250278	0.041945	-5.554328
2.514545	-0.111445	7.021786	0.002010	-0.268188	0.041262	-5.469446
2.588384	-0.156466	7.012226	0.002050	-0.273136	0.040541	-5.381697
2.662323	-0.184055	6.999802	0.002359	-0.313951	0.039833	-5.297559
2.736566	-0.203839	6.985949	0.002322	-0.309230	0.039125	-5.214193
2.810606	-0.263039	6.969151	0.001773	-0.236108	0.038010	-5.078537
2.884546	-0.301890	6.948435	0.001365	-0.181502	0.036888	-4.943973
2.958384	-0.321403	6.925499	0.000922	-0.122146	0.035818	-4.817208
3.032323	-0.351116	6.900545	0.000347	-0.044521	0.034595	-4.670261
3.106263	-0.373990	6.873833	-0.000190	0.028991	0.033353	-4.520753
3.180202	-0.396783	6.845265	-0.000664	0.093051	0.032038	-4.361439
3.254242	-0.402304	6.815691	-0.001079	0.150531	0.030809	-4.212939
3.328283	-0.410977	6.785578	-0.001397	0.195101	0.029536	-4.057549
3.402121	-0.404862	6.755426	-0.001539	0.214869	0.028368	-3.915102
3.476162	-0.407377	6.725633	-0.001835	0.256781	0.027154	-3.764781
3.550202	-0.443573	6.693895	-0.002409	0.339021	0.025628	-3.570665
3.623939	-0.448401	6.660868	-0.002656	0.375664	0.024271	-3.399064
3.698081	-0.457592	6.627334	-0.002999	0.425061	0.022865	-3.219034
3.772121	-0.449292	6.593439	-0.003109	0.442770	0.021568	-3.052484
3.845859	-0.423866	6.561110	-0.003025	0.432420	0.020450	-2.909045
3.919798	-0.404146	6.530435	-0.003006	0.431295	0.019359	-2.767187
3.993838	-0.399706	6.500483	-0.003042	0.438288	0.018192	-2.612849
4.067879	-0.391244	6.471061	-0.003035	0.438973	0.017075	-2.463862
4.141818	-0.368555	6.442622	-0.002757	0.400395	0.016092	-2.332648
4.215757	-0.326916	6.417250	-0.002483	0.361924	0.015358	-2.235297
4.289899	-0.337086	6.392784	-0.002752	0.402964	0.014313	-2.091476
4.363939	-0.332250	6.367672	-0.002718	0.399530	0.013343	-1.957682
4.437980	-0.312897	6.343451	-0.002640	0.389769	0.012505	-1.841916
4.511919	-0.300076	6.320802	-0.002618	0.387651	0.011685	-1.727635
4.585657	-0.279222	6.299330	-0.002477	0.367759	0.010966	-1.626943
4.659697	-0.245687	6.279801	-0.002218	0.330284	0.010406	-1.548834
4.733839	-0.224088	6.262445	-0.002131	0.318192	0.009854	-1.470880
4.807576	-0.218247	6.246060	-0.002135	0.319442	0.009238	-1.382638
4.881616	-0.207576	6.230218	-0.002069	0.310468	0.008675	-1.301756
4.955657	-0.187423	6.215540	-0.001892	0.284426	0.008219	-1.236404
5.029495	-0.192693	6.201672	-0.001967	0.296159	0.007631	-1.150652
5.103535	-0.190131	6.187105	-0.001877	0.283559	0.007066	-1.068074
5.177576	-0.158528	6.174116	-0.001625	0.246172	0.006751	-1.022632
5.251515	-0.140568	6.163103	-0.001531	0.232402	0.006427	-0.975262
5.325455	-0.118756	6.153387	-0.001392	0.211652	0.006178	-0.939094
5.399394	-0.089847	6.145831	-0.001251	0.190453	0.006061	-0.922457
5.473232	-0.077581	6.139889	-0.001142	0.174079	0.005902	-0.899124
5.547172	-0.068484	6.134687	-0.001064	0.162349	0.005752	-0.877043
5.621212	-0.070026	6.129651	-0.001147	0.175120	0.005541	-0.845550
5.695455	-0.060082	6.125072	-0.000986	0.150654	0.005421	-0.827915
5.769394	-0.061335	6.120593	-0.000919	0.140237	0.005234	-0.799937
5.843232	-0.054949	6.115977	-0.000829	0.126955	0.005090	-0.778537
5.917273	-0.045614	6.112160	-0.000671	0.102957	0.004997	-0.764758
5.973131	-0.012333	6.110295	-0.000335	0.051592	0.005134	-0.785946
