0.003372	0.042306	3.460229	0.000062	-0.016948	0.000299	-0.081169
0.028333	0.084065	3.462003	0.000373	-0.101241	0.000631	-0.171030
0.060758	0.122885	3.465557	0.000761	-0.206233	0.000984	-0.266530
0.093030	0.177154	3.470278	0.001141	-0.308602	0.001473	-0.398413
0.125152	0.247628	3.477045	0.001528	-0.412183	0.002125	-0.573525
0.157424	0.331638	3.486486	0.002041	-0.548617	0.002937	-0.790593
0.190000	0.416536	3.498818	0.002766	-0.740343	0.003829	-1.026855
0.222727	0.504908	3.514213	0.003493	-0.930339	0.004825	-1.287865
0.255303	0.568505	3.532025	0.004035	-1.069307	0.005710	-1.516013
0.287727	0.627722	3.551553	0.004472	-1.178901	0.006611	-1.745113
0.319848	0.686488	3.572973	0.004828	-1.265942	0.007561	-1.983287
0.352121	0.737173	3.596133	0.005125	-1.336580	0.008501	-2.214906
0.384545	0.775560	3.620423	0.005400	-1.399743	0.009384	-2.428159
0.416970	0.808255	3.646282	0.005721	-1.472836	0.010269	-2.637757
0.449545	0.826899	3.672852	0.005755	-1.471631	0.011072	-2.822814
0.481818	0.830968	3.699521	0.005572	-1.415375	0.011771	-2.978840
0.514091	0.830625	3.726326	0.005256	-1.326146	0.012440	-3.125214
0.546364	0.819098	3.752833	0.004932	-1.236269	0.013018	-3.246858
0.578788	0.808658	3.779086	0.004695	-1.168948	0.013597	-3.367235
0.611364	0.802105	3.805371	0.004315	-1.067105	0.014206	-3.493213
0.643788	0.780229	3.830958	0.003923	-0.963581	0.014678	-3.584864
0.676212	0.746892	3.855668	0.003592	-0.876410	0.015037	-3.648724
0.708485	0.724872	3.879490	0.003338	-0.808999	0.015459	-3.727875
0.740909	0.716958	3.902720	0.003100	-0.746592	0.015977	-3.829226
0.773333	0.705092	3.925809	0.002956	-0.707058	0.016458	-3.921093
0.805758	0.684633	3.948276	0.002795	-0.663875	0.016855	-3.992446
0.838333	0.651504	3.970213	0.002707	-0.639359	0.017135	-4.036158
0.870758	0.631502	3.990877	0.002551	-0.599295	0.017487	-4.097415
0.903030	0.616149	4.011094	0.002462	-0.575169	0.017864	-4.164331
0.935303	0.595079	4.030572	0.002340	-0.544156	0.018174	-4.216091
0.967727	0.572471	4.049322	0.002254	-0.521685	0.018453	-4.260719
1.000152	0.549245	4.067347	0.002196	-0.505945	0.018707	-4.300083
1.032576	0.534558	4.085031	0.002251	-0.515991	0.019022	-4.353270
1.065152	0.518514	4.102129	0.002259	-0.515748	0.019310	-4.400580
1.097424	0.485775	4.118268	0.002039	-0.463679	0.019435	-4.411511
1.129697	0.442594	4.133077	0.001888	-0.427700	0.019437	-4.396292
1.162121	0.415461	4.147047	0.001920	-0.433846	0.019551	-4.407151
1.194546	0.398410	4.160005	0.001788	-0.403144	0.019724	-4.432156
1.226818	0.385799	4.172569	0.001750	-0.393193	0.019924	-4.463467
1.259091	0.365030	4.184532	0.001738	-0.389084	0.020040	-4.476470
1.291515	0.350408	4.196070	0.001762	-0.393488	0.020196	-4.498932
1.323939	0.323533	4.206965	0.001798	-0.400517	0.020232	-4.495278
1.356515	0.292284	4.216841	0.001786	-0.396667	0.020205	-4.478778
1.389091	0.255685	4.225592	0.001714	-0.379801	0.020103	-4.447207
1.421667	0.222991	4.232991	0.001570	-0.347453	0.020001	-4.417106
1.453939	0.192700	4.239625	0.001616	-0.356927	0.019901	-4.388182
1.486061	0.153667	4.245498	0.001581	-0.348682	0.019706	-4.339479
1.518485	0.113756	4.249925	0.001480	-0.326000	0.019469	-4.282961
1.550909	0.068263	4.252948	0.001415	-0.311428	0.019149	-4.209976
1.575606	0.018106	4.253833	0.001364	-0.300210	0.018738	-4.119183
1.594545	-0.010545	4.253821	0.001345	-0.296039	0.018491	-4.065137
1.630606	-0.060827	4.252499	0.001307	-0.287888	0.018027	-3.964811
1.677879	-0.107967	4.248416	0.001646	-0.362889	0.017526	-3.858753
1.725000	-0.143517	4.242728	0.001840	-0.406252	0.017088	-3.767719
1.772576	-0.209973	4.234394	0.001824	-0.403487	0.016325	-3.607141
1.819697	-0.274766	4.222908	0.001685	-0.374026	0.015506	-3.436110
1.866970	-0.354489	4.208010	0.001034	-0.230184	0.014485	-3.222028
1.914394	-0.456809	4.188459	-0.000006	0.002657	0.013173	-2.944760
1.961515	-0.532301	4.164683	-0.001195	0.272183	0.012001	-2.698766
2.008788	-0.591491	4.137887	-0.002456	0.562392	0.010906	-2.468941
2.055909	-0.625398	4.108881	-0.003558	0.821042	0.009978	-2.275327
2.103333	-0.654409	4.078218	-0.004288	0.995958	0.009059	-2.081586
2.150758	-0.673467	4.046781	-0.004930	1.152770	0.008207	-1.900973
2.198030	-0.690484	4.014695	-0.005479	1.289969	0.007361	-1.718959
2.245455	-0.677843	3.982159	-0.005599	1.327688	0.006746	-1.588334
2.292576	-0.643918	3.951212	-0.005507	1.315850	0.006333	-1.503068
2.339697	-0.620123	3.921740	-0.005433	1.307282	0.005870	-1.403698
2.387121	-0.603604	3.892998	-0.005435	1.316700	0.005363	-1.292144
2.434697	-0.591794	3.864902	-0.005377	1.310930	0.004833	-1.172922
2.481970	-0.568164	3.837881	-0.005127	1.257586	0.004416	-1.079485
2.528788	-0.539256	3.812268	-0.004897	1.208247	0.004069	-1.001423
2.576061	-0.514702	3.787856	-0.004752	1.179071	0.003713	-0.919737
2.623485	-0.498839	3.764353	-0.004552	1.136086	0.003309	-0.824909
2.670758	-0.473397	3.741867	-0.004294	1.077919	0.002999	-0.752098
2.717879	-0.436179	3.720898	-0.003900	0.984200	0.002808	-0.708336
2.765000	-0.409663	3.701638	-0.003650	0.926379	0.002574	-0.652574
2.812576	-0.381475	3.683202	-0.003425	0.873376	0.002368	-0.603480
2.859848	-0.353718	3.666192	-0.003214	0.823170	0.002189	-0.560581
2.907273	-0.333492	3.650665	-0.002956	0.760333	0.001987	-0.511031
2.954545	-0.307953	3.635999	-0.002771	0.715656	0.001842	-0.475679
3.001364	-0.286702	3.622635	-0.002723	0.705801	0.001694	-0.439084
3.048636	-0.270886	3.610106	-0.002651	0.689545	0.001525	-0.396523
3.096212	-0.241317	3.598250	-0.002334	0.609390	0.001469	-0.383315
3.143636	-0.210248	3.588222	-0.002060	0.539717	0.001465	-0.383213
3.190758	-0.199549	3.579094	-0.002063	0.541877	0.001333	-0.349709
3.237879	-0.188759	3.570337	-0.001912	0.503095	0.001210	-0.318301
3.285303	-0.169881	3.562421	-0.001769	0.466536	0.001164	-0.306884
3.332576	-0.145276	3.555249	-0.001541	0.407357	0.001176	-0.310505
3.380000	-0.121943	3.549348	-0.001352	0.357966	0.001207	-0.319174
3.427424	-0.115909	3.544026	-0.001331	0.353006	0.001127	-0.298608
3.474545	-0.113981	3.538695	-0.001295	0.343879	0.001018	-0.270156
3.521818	-0.094911	3.534134	-0.001098	0.292008	0.001049	-0.278571
3.568939	-0.075128	3.530274	-0.000910	0.242170	0.001100	-0.292498
3.616364	-0.069917	3.527036	-0.000819	0.218186	0.001062	-0.282694
3.663636	-0.062320	3.524081	-0.000764	0.203662	0.001047	-0.279071
3.710909	-0.050956	3.521730	-0.000581	0.155162	0.001073	-0.286190
3.758485	-0.033158	3.519782	-0.000449	0.119846	0.001154	-0.307866
3.805454	-0.018216	3.518879	-0.000413	0.110383	0.001239	-0.330522
3.852727	-0.013483	3.518149	-0.000337	0.089876	0.001255	-0.334991
3.888788	-0.002742	3.518000	-0.000128	0.034261	0.001328	-0.354325
