0.005502	0.067614	5.000383	0.000075	-0.014084	0.000536	-0.100862
0.033333	0.146713	5.003646	0.000578	-0.108745	0.001245	-0.234152
0.069697	0.262977	5.011145	0.001529	-0.287113	0.002369	-0.444678
0.106364	0.378997	5.023346	0.002379	-0.445601	0.003632	-0.680103
0.142727	0.471641	5.038765	0.003128	-0.583860	0.004814	-0.898317
0.178788	0.585299	5.057598	0.004356	-0.809943	0.006267	-1.164910
0.214848	0.661057	5.080355	0.004935	-0.913599	0.007547	-1.396118
0.251212	0.652992	5.103827	0.004988	-0.919404	0.008188	-1.507563
0.287576	0.700600	5.127825	0.005268	-0.966160	0.009289	-1.701966
0.323939	0.780486	5.154464	0.005882	-1.073131	0.010734	-1.955943
0.360000	0.854034	5.183695	0.006484	-1.175879	0.012213	-2.212435
0.396061	0.856286	5.214255	0.006583	-1.186886	0.013162	-2.369817
0.432121	0.844910	5.244628	0.006336	-1.136116	0.013993	-2.504617
0.468485	0.880561	5.275738	0.006743	-1.201817	0.015234	-2.710044
0.505152	0.993655	5.310102	0.007490	-1.326485	0.017221	-3.042623
0.541212	1.043779	5.346637	0.007663	-1.347968	0.018763	-3.291497
0.577273	1.020468	5.383955	0.007057	-1.232815	0.019718	-3.434483
0.613636	0.987321	5.420488	0.006571	-1.140194	0.020563	-3.557091
0.650000	1.016414	5.457121	0.006413	-1.105721	0.021939	-3.768878
0.686364	1.033231	5.494621	0.006137	-1.050926	0.023241	-3.964486
0.722121	1.024864	5.531551	0.005668	-0.964419	0.024311	-4.118518
0.758182	0.988870	5.568042	0.005216	-0.882045	0.025125	-4.228136
0.794849	0.971666	5.603825	0.005176	-0.869744	0.026080	-4.360083
0.831212	1.004015	5.639719	0.005518	-0.920464	0.027474	-4.562995
0.867273	0.988210	5.675834	0.005403	-0.895333	0.028452	-4.694608
0.903333	0.965918	5.710846	0.005325	-0.876004	0.029336	-4.810231
0.939697	0.958123	5.746066	0.005503	-0.899065	0.030355	-4.946173
0.976061	0.983017	5.781604	0.005858	-0.952121	0.031681	-5.129465
1.012424	0.969977	5.817008	0.005729	-0.926788	0.032660	-5.255080
1.048485	0.924297	5.851078	0.005343	-0.860311	0.033297	-5.325982
1.084545	0.869796	5.883019	0.004830	-0.774793	0.033783	-5.374021
1.120909	0.840223	5.913374	0.004751	-0.758861	0.034446	-5.450924
1.157273	0.823189	5.943144	0.004708	-0.748691	0.035205	-5.542696
1.193636	0.786130	5.971953	0.004411	-0.698980	0.035746	-5.600395
1.229697	0.752851	5.999061	0.004314	-0.680903	0.036268	-5.656085
1.265758	0.738619	6.025472	0.004185	-0.658436	0.036946	-5.736063
1.302121	0.706974	6.051303	0.003893	-0.610566	0.037440	-5.787584
1.338485	0.670816	6.075347	0.003801	-0.594253	0.037833	-5.825044
1.374848	0.636110	6.097988	0.003548	-0.554294	0.038195	-5.858734
1.410606	0.600002	6.118653	0.003531	-0.550506	0.038481	-5.882501
1.446667	0.548114	6.137938	0.003211	-0.497540	0.038570	-5.877664
1.483333	0.535668	6.156643	0.003220	-0.495515	0.039021	-5.927917
1.519697	0.514196	6.174979	0.003170	-0.485546	0.039372	-5.963253
1.556061	0.498905	6.192659	0.002985	-0.454400	0.039762	-6.004878
1.592121	0.441086	6.209554	0.002440	-0.370410	0.039712	-5.981210
1.628182	0.359461	6.223467	0.001835	-0.277642	0.039336	-5.911802
1.664545	0.255288	6.234003	0.001063	-0.160624	0.038634	-5.797209
1.700909	0.169883	6.241270	0.000213	-0.032219	0.038016	-5.698304
1.737273	0.094255	6.245665	-0.000500	0.076164	0.037405	-5.603431
1.764848	0.026515	6.247242	-0.000623	0.095091	0.036788	-5.510067
1.785758	-0.008576	6.247648	-0.000791	0.120488	0.036455	-5.460241
1.824546	-0.055952	6.246400	-0.000969	0.146799	0.035954	-5.386596
1.875152	-0.147680	6.241458	-0.001078	0.163755	0.034909	-5.235029
1.925758	-0.185335	6.232795	-0.000635	0.098002	0.034285	-5.149178
1.976970	-0.201974	6.223205	-0.000380	0.059927	0.033841	-5.090635
2.028182	-0.201249	6.212727	0.000244	-0.035400	0.033541	-5.054176
2.078788	-0.227459	6.202240	0.000229	-0.034703	0.032978	-4.978214
2.129394	-0.316174	6.188930	-0.000644	0.097182	0.031728	-4.800623
2.180606	-0.407801	6.170048	-0.001488	0.225166	0.030292	-4.598361
2.231515	-0.383741	6.150039	-0.001582	0.239814	0.029944	-4.560591
2.282121	-0.444668	6.129510	-0.002317	0.353610	0.028764	-4.396304
2.333333	-0.414336	6.107746	-0.002224	0.341243	0.028426	-4.360287
2.384243	-0.456350	6.086185	-0.003030	0.468441	0.027402	-4.218791
2.434546	-0.524968	6.061699	-0.003981	0.619109	0.026046	-4.026909
2.485152	-0.549838	6.034810	-0.004432	0.693232	0.025039	-3.889138
2.536364	-0.633168	6.005186	-0.005680	0.891544	0.023408	-3.654648
2.587576	-0.720416	5.970117	-0.006738	1.061840	0.021595	-3.392338
2.638182	-0.724951	5.933148	-0.006848	1.084258	0.020507	-3.241928
2.688788	-0.720780	5.896653	-0.007190	1.144000	0.019513	-3.104397
2.740000	-0.763788	5.858449	-0.007895	1.264970	0.018040	-2.889398
2.791212	-0.753405	5.819332	-0.007928	1.277524	0.017032	-2.746791
2.841818	-0.731255	5.781522	-0.007641	1.238837	0.016168	-2.624719
2.892424	-0.739676	5.744206	-0.007800	1.272698	0.015041	-2.458096
2.943636	-0.741939	5.706264	-0.007664	1.258500	0.013953	-2.295907
2.994545	-0.710936	5.669474	-0.007148	1.181803	0.013193	-2.185202
3.045151	-0.686898	5.633996	-0.006954	1.154879	0.012406	-2.068035
3.096364	-0.689053	5.598869	-0.007058	1.179391	0.011398	-1.912286
3.147576	-0.684270	5.563947	-0.006712	1.128566	0.010458	-1.765735
3.198182	-0.656929	5.530426	-0.006456	1.090806	0.009751	-1.656549
3.248788	-0.627042	5.498300	-0.006264	1.063470	0.009103	-1.555647
3.300000	-0.613029	5.466772	-0.005974	1.019656	0.008334	-1.432658
3.351212	-0.574270	5.436349	-0.005625	0.963470	0.007805	-1.349331
3.401818	-0.525435	5.409158	-0.005169	0.888264	0.007449	-1.294304
3.452424	-0.533834	5.382436	-0.005046	0.873339	0.006622	-1.156646
3.503636	-0.510462	5.355748	-0.004901	0.851420	0.006063	-1.064354
3.554848	-0.478862	5.330670	-0.004598	0.802416	0.005616	-0.990600
3.605454	-0.452044	5.307127	-0.004367	0.766467	0.005171	-0.916203
3.655758	-0.421921	5.285160	-0.004048	0.713895	0.004796	-0.853350
3.706667	-0.395862	5.264627	-0.003656	0.647772	0.004427	-0.790759
3.757879	-0.343354	5.245771	-0.003143	0.560062	0.004319	-0.774353
3.808485	-0.342656	5.228620	-0.003256	0.582337	0.003836	-0.690112
3.859394	-0.317050	5.211880	-0.002850	0.511629	0.003567	-0.643783
3.910606	-0.291747	5.196517	-0.002755	0.497135	0.003334	-0.603434
3.961212	-0.300062	5.181915	-0.002757	0.499730	0.002850	-0.517398
4.011818	-0.279992	5.167197	-0.002541	0.462191	0.002592	-0.471821
4.063030	-0.242730	5.154070	-0.002399	0.437461	0.002515	-0.459113
4.114243	-0.186491	5.143054	-0.001992	0.363873	0.002650	-0.484665
4.164848	-0.160220	5.134522	-0.001931	0.353875	0.002615	-0.479043
4.215455	-0.125557	5.127135	-0.001519	0.279198	0.002679	-0.491466
4.254242	-0.033177	5.123773	-0.000867	0.159529	0.003317	-0.608998
