-0.002646	0.061397	4.349593	-0.000571	0.122971	0.002835	-0.611883
0.015727	0.189846	4.352635	0.003336	-0.718657	0.008944	-1.926105
0.038818	0.340939	4.358736	0.007943	-1.707764	0.016275	-3.493973
0.061818	0.462190	4.368069	0.012404	-2.658659	0.022394	-4.790658
0.085000	0.557416	4.380202	0.016630	-3.551530	0.027455	-5.850329
0.108273	0.634955	4.394140	0.020468	-4.353736	0.031797	-6.747615
0.131273	0.698023	4.409593	0.023664	-5.012653	0.035553	-7.512017
0.154182	0.743567	4.426114	0.026343	-5.556371	0.038546	-8.108874
0.177364	0.775072	4.443552	0.028517	-5.988587	0.040927	-8.571678
0.200545	0.795119	4.461920	0.030237	-6.321309	0.042812	-8.926224
0.223636	0.800347	4.480404	0.031413	-6.538686	0.043990	-9.131926
0.246727	0.801670	4.498881	0.031998	-6.632394	0.044979	-9.297186
0.269818	0.800819	4.517356	0.032329	-6.673482	0.045861	-9.439415
0.292909	0.798833	4.535735	0.032738	-6.730152	0.046683	-9.568276
0.316000	0.801250	4.554170	0.033112	-6.779127	0.047725	-9.740522
0.339000	0.806542	4.572673	0.033595	-6.849766	0.048916	-9.940956
0.362182	0.806252	4.591307	0.033882	-6.879943	0.049836	-10.085292
0.385545	0.800852	4.610176	0.033914	-6.858417	0.050511	-10.179074
0.408455	0.791389	4.628356	0.033761	-6.800878	0.050945	-10.225587
0.431364	0.779869	4.646362	0.033345	-6.691622	0.051262	-10.249062
0.454636	0.771774	4.664318	0.032824	-6.562580	0.051746	-10.305422
0.477909	0.765960	4.682251	0.032269	-6.427952	0.052342	-10.383452
0.500818	0.767293	4.699819	0.031716	-6.295109	0.053285	-10.529337
0.523727	0.765760	4.717579	0.031216	-6.173531	0.054091	-10.646969
0.547000	0.765122	4.735398	0.030608	-6.031589	0.054946	-10.773028
0.570273	0.753625	4.753011	0.030029	-5.896371	0.055226	-10.787737
0.593364	0.741893	4.770337	0.029444	-5.761362	0.055476	-10.797056
0.616273	0.730203	4.787159	0.028847	-5.625597	0.055699	-10.802238
0.639455	0.716911	4.803924	0.028133	-5.468123	0.055830	-10.790125
0.662727	0.702092	4.820295	0.027347	-5.298268	0.055857	-10.759049
0.685636	0.687389	4.836295	0.026540	-5.125835	0.055867	-10.725717
0.708727	0.672724	4.851967	0.025799	-4.967492	0.055858	-10.689718
0.731818	0.660073	4.867455	0.025071	-4.812832	0.055942	-10.671924
0.754909	0.648614	4.882387	0.024413	-4.672984	0.056058	-10.661525
0.778091	0.638187	4.897385	0.023884	-4.558305	0.056229	-10.661298
0.801182	0.626321	4.912045	0.023413	-4.455613	0.056303	-10.643693
0.824182	0.616814	4.926244	0.022774	-4.322209	0.056478	-10.645988
0.847273	0.604998	4.940155	0.022028	-4.169514	0.056512	-10.622628
0.870636	0.585115	4.954034	0.021128	-3.988692	0.056105	-10.517665
0.893727	0.562773	4.967321	0.020136	-3.792088	0.055530	-10.383554
0.916727	0.535332	4.979900	0.019015	-3.572573	0.054638	-10.193101
0.940000	0.500715	4.991816	0.017586	-3.297036	0.053318	-9.925869
0.963091	0.461826	5.002829	0.016049	-3.003114	0.051714	-9.609447
0.986000	0.427727	5.013008	0.014481	-2.704605	0.050326	-9.335190
1.009182	0.396012	5.022547	0.012825	-2.391091	0.049031	-9.080348
1.032364	0.345065	5.031100	0.010868	-2.023044	0.046635	-8.625999
1.055454	0.273441	5.038259	0.008459	-1.572649	0.043038	-7.955053
1.078636	0.193663	5.043697	0.005561	-1.033186	0.038914	-7.190984
1.101636	0.099324	5.046898	0.002289	-0.424781	0.033898	-6.266247
1.119429	0.021701	5.047887	-0.000401	0.075254	0.029705	-5.494605
1.131864	-0.030038	5.047728	-0.002230	0.415625	0.026879	-4.974919
1.156273	-0.115817	5.045876	-0.005601	1.044142	0.022139	-4.102940
1.187909	-0.202466	5.040639	-0.009618	1.796238	0.017233	-3.200061
1.219545	-0.275287	5.033023	-0.013114	2.454279	0.013002	-2.420106
1.251091	-0.353081	5.023171	-0.016601	3.115017	0.008440	-1.575390
1.282636	-0.431385	5.010785	-0.019819	3.730062	0.003783	-0.708534
1.314455	-0.485154	4.996211	-0.022696	4.286581	0.000386	-0.072632
1.346273	-0.519614	4.980224	-0.025140	4.765922	-0.002013	0.379727
1.377636	-0.536343	4.963724	-0.027051	5.147129	-0.003478	0.658494
1.409182	-0.535783	4.946843	-0.028379	5.419575	-0.004038	0.767263
1.440909	-0.535372	4.929894	-0.029379	5.630975	-0.004608	0.878756
1.472455	-0.538033	4.913035	-0.029932	5.757637	-0.005336	1.021192
1.504182	-0.538912	4.895933	-0.030486	5.885740	-0.005978	1.148237
1.535818	-0.538977	4.879054	-0.031244	6.054125	-0.006570	1.266373
1.567455	-0.539301	4.861994	-0.031784	6.181040	-0.007181	1.389177
1.599091	-0.535287	4.845006	-0.031999	6.245079	-0.007565	1.468818
1.630636	-0.527167	4.828296	-0.032007	6.268342	-0.007730	1.506131
1.662364	-0.522838	4.811687	-0.031947	6.278340	-0.008089	1.581538
1.694091	-0.519674	4.795185	-0.032005	6.311589	-0.008504	1.668651
1.725727	-0.519199	4.778810	-0.032109	6.354403	-0.009053	1.782605
1.757364	-0.514202	4.762336	-0.032008	6.356462	-0.009376	1.852749
1.788909	-0.506721	4.746237	-0.031898	6.356071	-0.009562	1.896050
1.820545	-0.501946	4.730229	-0.031741	6.346079	-0.009884	1.966592
1.852364	-0.495704	4.714594	-0.031478	6.313765	-0.010120	2.020423
1.883727	-0.492277	4.699210	-0.031085	6.254835	-0.010490	2.101357
1.915182	-0.486108	4.683875	-0.030677	6.192317	-0.010723	2.155184
1.947091	-0.471827	4.668681	-0.030227	6.120706	-0.010551	2.127358
1.978727	-0.466084	4.653962	-0.029808	6.054524	-0.010788	2.182220
2.010364	-0.461765	4.639275	-0.029319	5.973652	-0.011096	2.251817
2.042000	-0.454560	4.624709	-0.028857	5.897460	-0.011259	2.292256
2.073545	-0.441656	4.610601	-0.028304	5.801702	-0.011130	2.272688
2.105091	-0.429832	4.596944	-0.027763	5.707067	-0.011040	2.261076
2.136818	-0.424766	4.583504	-0.027186	5.604343	-0.011275	2.316108
2.168636	-0.417882	4.570055	-0.026670	5.513557	-0.011424	2.353621
2.200182	-0.412926	4.557055	-0.026121	5.414978	-0.011651	2.407490
2.231727	-0.409023	4.544265	-0.025535	5.307780	-0.011923	2.470802
2.263454	-0.403334	4.531269	-0.025077	5.226751	-0.012118	2.518456
2.295182	-0.397093	4.518757	-0.024584	5.137640	-0.012270	2.557236
2.326636	-0.391254	4.506556	-0.024282	5.088246	-0.012431	2.598058
2.358273	-0.382671	4.494196	-0.023608	4.960046	-0.012470	2.613219
2.390000	-0.376433	4.482224	-0.022813	4.804838	-0.012607	2.649239
2.421546	-0.375166	4.470409	-0.022115	4.669082	-0.012977	2.734305
2.453182	-0.360197	4.458802	-0.021292	4.506269	-0.012690	2.680804
2.484818	-0.342236	4.447801	-0.020339	4.314226	-0.012244	2.592721
2.516636	-0.329211	4.437150	-0.019069	4.053407	-0.012022	2.551634
2.548091	-0.316316	4.426953	-0.017631	3.755291	-0.011792	2.508434
2.579455	-0.291725	4.417462	-0.015667	3.342788	-0.010990	2.342382
2.611273	-0.241863	4.408885	-0.012660	2.704924	-0.008974	1.915557
2.643179	-0.149139	4.402567	-0.008035	1.718040	-0.004870	1.040040
2.667473	-0.041219	4.399934	-0.003536	0.756012	0.000090	-0.019238
