-0.001533	0.109646	4.458872	-0.000600	0.127249	0.001876	-0.398827
0.017680	0.263570	4.463976	0.002296	-0.487030	0.004777	-1.013567
0.042929	0.434002	4.472986	0.006014	-1.272663	0.008136	-1.721544
0.067879	0.546499	4.485369	0.009576	-2.019804	0.010626	-2.240998
0.092626	0.625367	4.500200	0.013057	-2.743864	0.012633	-2.654477
0.117576	0.700003	4.516916	0.016376	-3.428223	0.014655	-3.066527
0.142525	0.834331	4.536095	0.019309	-4.024970	0.017862	-3.719315
0.167374	0.977602	4.558777	0.021553	-4.470466	0.021406	-4.431662
0.192424	1.087406	4.584826	0.023380	-4.821908	0.024518	-5.043870
0.217273	1.171969	4.612999	0.024866	-5.096901	0.027288	-5.576190
0.242323	1.238971	4.643244	0.026103	-5.315017	0.029847	-6.056239
0.267374	1.293098	4.675029	0.027218	-5.503662	0.032253	-6.496954
0.292121	1.346942	4.707726	0.028234	-5.669022	0.034710	-6.940148
0.317172	1.402175	4.741991	0.029075	-5.795660	0.037281	-7.396626
0.342121	1.449214	4.777605	0.029739	-5.883999	0.039773	-7.828736
0.366869	1.488294	4.813863	0.030255	-5.941970	0.042158	-8.232031
0.391919	1.513018	4.851572	0.030332	-5.913013	0.044343	-8.588213
0.417071	1.515161	4.889442	0.030229	-5.849370	0.046103	-8.857457
0.442020	1.513006	4.927348	0.029894	-5.742164	0.047782	-9.107013
0.466768	1.505018	4.964524	0.029586	-5.641271	0.049313	-9.326165
0.491616	1.495509	5.001774	0.029144	-5.516692	0.050815	-9.536530
0.516768	1.477705	5.039138	0.028563	-5.367963	0.052153	-9.713214
0.541818	1.463824	5.076025	0.028145	-5.251592	0.053545	-9.897983
0.566667	1.456738	5.112164	0.027964	-5.181462	0.055038	-10.100025
0.591515	1.450364	5.148170	0.027800	-5.115782	0.056540	-10.300776
0.616364	1.443585	5.184083	0.027692	-5.060515	0.058028	-10.496427
0.641313	1.433834	5.219855	0.027690	-5.026123	0.059446	-10.677216
0.666364	1.419536	5.255517	0.027633	-4.982660	0.060761	-10.837568
0.691414	1.415585	5.291014	0.027581	-4.940709	0.062286	-11.032674
0.716364	1.402454	5.326151	0.027694	-4.928431	0.063598	-11.188826
0.741212	1.394173	5.360881	0.027648	-4.888772	0.064992	-11.358099
0.766263	1.391926	5.395714	0.027605	-4.849872	0.066522	-11.547939
0.791313	1.389001	5.430469	0.027696	-4.834850	0.068033	-11.732364
0.816162	1.378273	5.464636	0.027606	-4.789144	0.069346	-11.882113
0.841111	1.361218	5.498502	0.027433	-4.729959	0.070503	-12.004409
0.866061	1.348938	5.532154	0.027466	-4.705772	0.071753	-12.141139
0.890909	1.342180	5.565692	0.027587	-4.697029	0.073119	-12.295703
0.915960	1.328572	5.599150	0.027480	-4.651026	0.074326	-12.422285
0.940909	1.301842	5.631816	0.027104	-4.561914	0.075196	-12.493888
0.966061	1.275332	5.663989	0.026794	-4.485268	0.076043	-12.561885
0.991212	1.247016	5.695639	0.026405	-4.396462	0.076818	-12.618696
1.015758	1.211430	5.725609	0.025834	-4.279521	0.077344	-12.638263
1.040606	1.174299	5.755095	0.025259	-4.163400	0.077804	-12.648153
1.065556	1.145435	5.783796	0.024831	-4.072201	0.078413	-12.683491
1.090505	1.105283	5.811845	0.024233	-3.954991	0.078723	-12.672271
1.115556	1.032953	5.838623	0.023031	-3.742588	0.078210	-12.533842
1.140606	0.906391	5.862823	0.020814	-3.370303	0.076288	-12.180001
1.165455	0.688081	5.882529	0.017232	-2.783396	0.071978	-11.462219
1.190287	0.381406	5.895542	0.012382	-1.999160	0.065271	-10.383024
1.210205	0.077458	5.900286	0.008260	-1.335723	0.058279	-9.274350
1.222433	-0.103187	5.899974	0.006001	-0.973287	0.054003	-8.600493
1.249092	-0.422462	5.892113	0.001614	-0.268120	0.046184	-7.374618
1.282828	-0.617752	5.873762	-0.002648	0.419977	0.040917	-6.559785
1.316465	-0.682027	5.851767	-0.005618	0.903645	0.038604	-6.214438
1.350202	-0.776522	5.827368	-0.008131	1.317726	0.035516	-5.744125
1.384141	-0.929301	5.798553	-0.011221	1.831550	0.030949	-5.034193
1.417980	-1.072466	5.764506	-0.014533	2.389610	0.026460	-4.332667
1.451717	-1.180184	5.726270	-0.017332	2.872155	0.022675	-3.740045
1.485455	-1.262690	5.684940	-0.019856	3.317007	0.019389	-3.222997
1.518990	-1.335991	5.641200	-0.021886	3.686419	0.016257	-2.724770
1.552828	-1.382072	5.595052	-0.023477	3.988961	0.013674	-2.311797
1.586566	-1.403671	5.547889	-0.024454	4.192288	0.011613	-1.980667
1.620101	-1.424223	5.500363	-0.025244	4.366997	0.009572	-1.647334
1.653939	-1.437123	5.451862	-0.025849	4.511921	0.007674	-1.332783
1.687576	-1.437693	5.403795	-0.026159	4.605822	0.006059	-1.061972
1.721414	-1.432645	5.355159	-0.026388	4.686449	0.004545	-0.804166
1.755152	-1.424420	5.307073	-0.026708	4.784244	0.003116	-0.556501
1.788990	-1.398028	5.259482	-0.026570	4.800430	0.002078	-0.374486
1.822929	-1.367389	5.212637	-0.026319	4.797276	0.001143	-0.207829
1.856566	-1.322351	5.167384	-0.025886	4.759117	0.000543	-0.099623
1.890202	-1.279520	5.123532	-0.025468	4.721951	-0.000069	0.012762
1.923939	-1.236715	5.081226	-0.025055	4.683825	-0.000643	0.119984
1.957980	-1.186220	5.040133	-0.024480	4.613413	-0.001037	0.195117
1.991616	-1.126518	5.001338	-0.023861	4.531900	-0.001187	0.225126
2.025151	-1.075464	4.964261	-0.023198	4.439405	-0.001464	0.279753
2.058889	-1.023236	4.929053	-0.022596	4.355584	-0.001668	0.320996
2.092626	-0.973842	4.895446	-0.022181	4.305459	-0.001885	0.365169
2.126364	-0.926553	4.863555	-0.021926	4.283765	-0.002094	0.408388
2.160101	-0.886481	4.833044	-0.021697	4.265416	-0.002403	0.471629
2.194040	-0.845394	4.803634	-0.021389	4.230170	-0.002663	0.525933
2.227879	-0.800534	4.776076	-0.021035	4.183577	-0.002796	0.555416
2.261515	-0.756489	4.749937	-0.020636	4.126498	-0.002903	0.579886
2.295253	-0.719308	4.725186	-0.020318	4.084401	-0.003096	0.621791
2.329192	-0.678277	4.701701	-0.019943	4.030256	-0.003181	0.641870
2.362828	-0.654753	4.679490	-0.019637	3.988108	-0.003547	0.719310
2.396364	-0.628083	4.658009	-0.019420	3.962364	-0.003834	0.781079
2.430101	-0.598592	4.637418	-0.019128	3.920164	-0.004041	0.827065
2.463939	-0.564719	4.617781	-0.018553	3.818702	-0.004140	0.850802
2.497576	-0.534024	4.599373	-0.017991	3.717591	-0.004255	0.878140
2.531212	-0.509824	4.582013	-0.017490	3.627860	-0.004454	0.922617
2.565151	-0.482199	4.565400	-0.016850	3.508477	-0.004567	0.949504
2.598889	-0.455501	4.549658	-0.016276	3.401247	-0.004668	0.973904
2.632525	-0.437144	4.534713	-0.015750	3.302552	-0.004891	1.023873
2.666263	-0.417170	4.520344	-0.015052	3.166608	-0.005066	1.063985
2.700303	-0.398546	4.506418	-0.014324	3.023658	-0.005251	1.106292
2.734242	-0.378511	4.493466	-0.013456	2.849928	-0.005378	1.136151
2.767677	-0.347399	4.481452	-0.012131	2.577873	-0.005276	1.117755
2.801313	-0.286244	4.470806	-0.010076	2.146798	-0.004601	0.976890
2.835051	-0.172548	4.463035	-0.006682	1.426249	-0.002904	0.617302
2.860935	-0.042600	4.459774	-0.003653	0.780624	-0.000754	0.160403
