-0.002950	0.036091	3.249863	-0.000074	0.021422	0.000421	-0.122147
0.023091	0.107836	3.252320	0.000675	-0.195543	0.001337	-0.387703
0.056636	0.194317	3.257473	0.001643	-0.475224	0.002509	-0.725969
0.090182	0.278172	3.265481	0.002520	-0.727046	0.003739	-1.078719
0.123545	0.371612	3.276459	0.003543	-1.017999	0.005178	-1.488298
0.157182	0.463644	3.290648	0.004599	-1.314887	0.006707	-1.918599
0.191000	0.551074	3.308014	0.005745	-1.633185	0.008290	-2.357799
0.224545	0.625101	3.327977	0.006655	-1.879725	0.009804	-2.770433
0.257818	0.678716	3.349865	0.007275	-2.040715	0.011141	-3.126576
0.291273	0.721573	3.373407	0.007773	-2.165195	0.012408	-3.456552
0.325091	0.765541	3.398489	0.008181	-2.262360	0.013745	-3.799558
0.358727	0.811216	3.425168	0.008542	-2.343678	0.015164	-4.157606
0.392364	0.847917	3.453169	0.008968	-2.440773	0.016523	-4.491693
0.425909	0.879545	3.482210	0.009189	-2.480747	0.017859	-4.812694
0.459273	0.909506	3.512279	0.009361	-2.506101	0.019214	-5.131877
0.492909	0.934991	3.543589	0.009537	-2.530737	0.020559	-5.440861
0.526636	0.951393	3.575499	0.009519	-2.503269	0.021812	-5.719128
0.560182	0.953765	3.607568	0.009370	-2.442088	0.022889	-5.946679
0.593636	0.954369	3.639547	0.009262	-2.393692	0.023940	-6.163785
0.627273	0.963671	3.671811	0.009160	-2.346134	0.025119	-6.408787
0.661000	0.967951	3.704455	0.009283	-2.356168	0.026245	-6.635437
0.694545	0.974175	3.737087	0.009436	-2.373798	0.027399	-6.865025
0.727909	0.974790	3.769754	0.009373	-2.338053	0.028478	-7.072135
0.761455	0.959664	3.802347	0.009285	-2.296894	0.029336	-7.221569
0.795273	0.933963	3.834561	0.009042	-2.218757	0.030029	-7.329261
0.828818	0.915552	3.865439	0.008718	-2.122547	0.030777	-7.450758
0.862455	0.899890	3.896004	0.008647	-2.088668	0.031550	-7.576971
0.896091	0.894615	3.926261	0.008652	-2.074080	0.032460	-7.734168
0.929455	0.886266	3.956076	0.008573	-2.039586	0.033311	-7.875755
0.963091	0.878962	3.985826	0.008680	-2.049652	0.034173	-8.018075
0.996818	0.881142	4.015517	0.008801	-2.062987	0.035172	-8.190055
1.030273	0.867531	4.044960	0.008861	-2.061746	0.035929	-8.304406
1.063636	0.844189	4.073607	0.008774	-2.027314	0.036512	-8.378999
1.097273	0.829244	4.101596	0.008769	-2.013079	0.037195	-8.476713
1.131000	0.817853	4.129466	0.008805	-2.008051	0.037926	-8.583998
1.164545	0.808519	4.156724	0.008835	-2.001645	0.038667	-8.693268
1.197909	0.786064	4.183237	0.008794	-1.979565	0.039180	-8.752144
1.231454	0.772358	4.209398	0.008764	-1.960293	0.039813	-8.837501
1.265182	0.755401	4.235167	0.008744	-1.943885	0.040380	-8.908224
1.298727	0.716092	4.259719	0.008418	-1.860650	0.040554	-8.895123
1.332364	0.670166	4.282948	0.007992	-1.755931	0.040574	-8.851658
1.366000	0.626203	4.304545	0.007630	-1.667587	0.040565	-8.805868
1.399455	0.585503	4.324571	0.007244	-1.574582	0.040553	-8.762738
1.433000	0.536871	4.343274	0.006643	-1.436448	0.040365	-8.685402
1.466727	0.481377	4.360393	0.006007	-1.292476	0.040012	-8.576471
1.500364	0.404276	4.375202	0.005163	-1.106106	0.039231	-8.382355
1.533727	0.309205	4.387043	0.004140	-0.885014	0.038060	-8.112638
1.567273	0.215904	4.395586	0.003113	-0.663846	0.036811	-7.833465
1.600909	0.120654	4.401337	0.002069	-0.438824	0.035442	-7.534616
1.626932	0.028701	4.403316	0.001235	-0.259781	0.034011	-7.229609
1.644997	-0.033038	4.403262	0.000723	-0.149858	0.033010	-7.018450
1.680182	-0.143723	4.399891	-0.000227	0.054019	0.031121	-6.624797
1.725909	-0.266665	4.390092	-0.001288	0.283801	0.028857	-6.159519
1.771545	-0.359363	4.375558	-0.002343	0.514876	0.026956	-5.775311
1.817455	-0.470638	4.356347	-0.003744	0.824198	0.024641	-5.305249
1.863273	-0.583577	4.331829	-0.005453	1.203985	0.022174	-4.803548
1.908909	-0.693010	4.302076	-0.007602	1.686062	0.019644	-4.287385
1.954727	-0.793431	4.267436	-0.009699	2.164125	0.017153	-3.776223
2.000455	-0.876080	4.228796	-0.011451	2.574756	0.014862	-3.303234
2.046000	-0.943609	4.187008	-0.013305	3.017442	0.012746	-2.862553
2.091818	-0.979279	4.142737	-0.014611	3.346270	0.011070	-2.513768
2.137818	-0.994008	4.097136	-0.015446	3.577207	0.009687	-2.224747
2.183364	-1.004809	4.051616	-0.016098	3.770220	0.008369	-1.944381
2.229000	-0.993390	4.005969	-0.016266	3.852075	0.007377	-1.733858
2.274818	-0.973743	3.961187	-0.016186	3.874310	0.006523	-1.550742
2.320545	-0.956173	3.917219	-0.016251	3.929529	0.005655	-1.359675
2.366273	-0.925150	3.874574	-0.015990	3.906322	0.005005	-1.216812
2.411909	-0.883779	3.833438	-0.015546	3.836135	0.004529	-1.112995
2.457727	-0.841453	3.794182	-0.014946	3.723206	0.004103	-1.018799
2.503546	-0.792308	3.757022	-0.014234	3.578359	0.003812	-0.956156
2.549364	-0.746584	3.722217	-0.013648	3.461628	0.003525	-0.892351
2.595273	-0.707276	3.689208	-0.012955	3.313554	0.003187	-0.814217
2.640909	-0.661094	3.658295	-0.012149	3.132306	0.002988	-0.769651
2.686545	-0.613832	3.629599	-0.011334	2.944205	0.002851	-0.740255
2.732182	-0.569651	3.602916	-0.010546	2.759522	0.002718	-0.711042
2.778000	-0.530587	3.577937	-0.009777	2.576606	0.002556	-0.673452
2.824000	-0.484160	3.554903	-0.008976	2.380165	0.002535	-0.672236
2.869636	-0.444794	3.534136	-0.008285	2.209881	0.002478	-0.660877
2.915364	-0.414249	3.514826	-0.007590	2.036030	0.002342	-0.628086
2.961091	-0.378129	3.496921	-0.006916	1.864560	0.002311	-0.622985
3.006636	-0.347677	3.480617	-0.006414	1.738196	0.002248	-0.608875
3.052364	-0.324472	3.465425	-0.005930	1.613982	0.002121	-0.577077
3.098273	-0.296617	3.451295	-0.005463	1.493230	0.002080	-0.568068
3.144182	-0.274945	3.438513	-0.005070	1.391270	0.001996	-0.547136
3.189909	-0.253876	3.426479	-0.004656	1.282037	0.001923	-0.529068
3.235455	-0.228576	3.415822	-0.004268	1.178742	0.001939	-0.535234
3.281182	-0.212249	3.405905	-0.003985	1.103869	0.001864	-0.515867
3.326909	-0.199153	3.396657	-0.003739	1.038485	0.001766	-0.490152
3.372455	-0.182864	3.388041	-0.003491	0.972092	0.001724	-0.479805
3.418545	-0.161498	3.380222	-0.003151	0.879578	0.001766	-0.492621
3.464545	-0.150739	3.373230	-0.002844	0.795872	0.001701	-0.475338
3.510091	-0.140208	3.366597	-0.002663	0.746680	0.001642	-0.459838
3.555818	-0.129294	3.360648	-0.002439	0.684988	0.001607	-0.450788
3.601636	-0.119337	3.355217	-0.002236	0.628985	0.001574	-0.442357
3.647273	-0.109731	3.350125	-0.002029	0.571948	0.001547	-0.435258
3.692909	-0.106105	3.345123	-0.001881	0.530940	0.001449	-0.408309
3.738818	-0.093925	3.340757	-0.001638	0.462541	0.001472	-0.415501
3.784545	-0.066729	3.337055	-0.001257	0.355292	0.001696	-0.479140
3.830273	-0.032465	3.334891	-0.000847	0.239619	0.002049	-0.579052
3.865091	-0.007759	3.334155	-0.000440	0.124501	0.002326	-0.657618
