-0.001077	0.169095	5.239873	-0.000117	0.021136	0.004780	-0.866065
0.023313	0.352834	5.247941	0.002436	-0.440338	0.010270	-1.855914
0.055455	0.511899	5.262581	0.005520	-0.994806	0.015319	-2.757993
0.087614	0.604682	5.280982	0.008171	-1.466976	0.018638	-3.341888
0.119659	0.658544	5.301473	0.009894	-1.769299	0.020936	-3.737710
0.151591	0.686305	5.323232	0.011012	-1.961160	0.022538	-4.006152
0.183636	0.704374	5.345589	0.011528	-2.044588	0.023888	-4.227336
0.215682	0.715529	5.368280	0.011558	-2.041344	0.025053	-4.413932
0.247614	0.715826	5.390988	0.011450	-2.014096	0.025903	-4.543899
0.279659	0.721388	5.414195	0.011475	-2.009889	0.026928	-4.702589
0.311591	0.731050	5.437352	0.011595	-2.022426	0.028074	-4.880944
0.343636	0.736531	5.460925	0.011661	-2.025413	0.029114	-5.039091
0.375795	0.742499	5.484763	0.011666	-2.017909	0.030180	-5.200089
0.407727	0.742967	5.508279	0.011484	-1.978237	0.031072	-5.330063
0.439659	0.749850	5.532020	0.011242	-1.928445	0.032165	-5.493072
0.471932	0.746678	5.556190	0.011001	-1.879146	0.032973	-5.605752
0.503977	0.741175	5.579961	0.010698	-1.820027	0.033693	-5.703303
0.536023	0.742074	5.603718	0.010521	-1.782290	0.034608	-5.832567
0.568068	0.743285	5.627478	0.010307	-1.738473	0.035534	-5.962424
0.600114	0.741129	5.651194	0.010300	-1.729535	0.036354	-6.073789
0.632045	0.741778	5.674891	0.010263	-1.715588	0.037261	-6.198459
0.663864	0.742479	5.698531	0.010434	-1.736092	0.038168	-6.322117
0.695909	0.745879	5.722483	0.010578	-1.751867	0.039171	-6.460228
0.727955	0.747373	5.746272	0.010940	-1.803199	0.040110	-6.586782
0.760114	0.750229	5.770405	0.011265	-1.847819	0.041106	-6.721079
0.792159	0.744557	5.794414	0.011462	-1.871638	0.041827	-6.810092
0.824091	0.740549	5.818058	0.011589	-1.884082	0.042587	-6.904917
0.856023	0.733980	5.841618	0.011895	-1.925446	0.043261	-6.985309
0.888295	0.724933	5.865128	0.012332	-1.988079	0.043852	-7.051888
0.920455	0.723274	5.888224	0.012600	-2.023502	0.044664	-7.153499
0.952386	0.725131	5.911080	0.013059	-2.088820	0.045581	-7.271181
0.984432	0.722385	5.934059	0.013501	-2.151115	0.046353	-7.365045
1.016591	0.713762	5.957071	0.013775	-2.186036	0.046935	-7.428129
1.048523	0.706406	5.979496	0.013919	-2.200445	0.047534	-7.494221
1.080341	0.705929	6.001757	0.014142	-2.227022	0.048352	-7.594075
1.112386	0.701659	6.024095	0.014188	-2.226120	0.049047	-7.674118
1.144545	0.692329	6.046468	0.014108	-2.204786	0.049576	-7.727662
1.176705	0.684686	6.068228	0.014127	-2.198775	0.050135	-7.786387
1.208636	0.673742	6.089627	0.014034	-2.175525	0.050570	-7.825914
1.240568	0.658404	6.110512	0.013807	-2.132106	0.050835	-7.840003
1.272500	0.636570	6.130858	0.013620	-2.095869	0.050859	-7.817819
1.304773	0.621009	6.150867	0.013223	-2.027139	0.051077	-7.825758
1.337045	0.607309	6.170517	0.012792	-1.953631	0.051342	-7.841138
1.368977	0.575303	6.189338	0.012048	-1.832836	0.050952	-7.758569
1.401023	0.543069	6.207124	0.011236	-1.702310	0.050510	-7.669923
1.433068	0.510812	6.224104	0.010144	-1.530175	0.050031	-7.577301
1.465114	0.462932	6.239768	0.008608	-1.292313	0.048965	-7.398614
1.497045	0.382739	6.253728	0.006230	-0.929640	0.046723	-7.046752
1.528977	0.241414	6.264343	0.002421	-0.354790	0.042258	-6.367144
1.554645	0.056710	6.268578	-0.001294	0.204417	0.036082	-5.438148
1.573132	-0.100247	6.267726	-0.003527	0.540713	0.030689	-4.629935
1.616023	-0.311355	6.257336	-0.008193	1.247051	0.023159	-3.503846
1.671136	-0.414124	6.236386	-0.012991	1.981461	0.019013	-2.888130
1.726250	-0.457367	6.211823	-0.015836	2.426570	0.016790	-2.561511
1.781477	-0.482946	6.185430	-0.017405	2.680787	0.015118	-2.316741
1.836477	-0.492054	6.158006	-0.018527	2.866523	0.013971	-2.150991
1.891591	-0.489826	6.130576	-0.019356	3.006999	0.013205	-2.042312
1.946705	-0.490982	6.103206	-0.019933	3.110862	0.012328	-1.915520
2.001818	-0.488321	6.076079	-0.020615	3.232476	0.011585	-1.808347
2.057159	-0.474161	6.049292	-0.020849	3.285117	0.011229	-1.760618
2.112386	-0.468356	6.023166	-0.021219	3.358796	0.010617	-1.672048
2.167500	-0.463074	5.997590	-0.021465	3.413291	0.010004	-1.582333
2.222500	-0.456374	5.972589	-0.021707	3.466774	0.009453	-1.501584
2.277614	-0.449084	5.947702	-0.021823	3.499988	0.008923	-1.423468
2.332727	-0.435832	5.923445	-0.021669	3.489715	0.008602	-1.377945
2.387727	-0.424228	5.900033	-0.021521	3.479692	0.008251	-1.327080
2.442955	-0.420072	5.876869	-0.021406	3.475266	0.007669	-1.238368
2.498068	-0.417903	5.853985	-0.021469	3.499073	0.007031	-1.139982
2.553295	-0.414203	5.831021	-0.021485	3.515006	0.006440	-1.048233
2.608523	-0.407655	5.808506	-0.021247	3.488900	0.005950	-0.972424
2.663409	-0.399006	5.786570	-0.020978	3.457684	0.005543	-0.909422
2.718523	-0.396104	5.765128	-0.020839	3.447165	0.004971	-0.818607
2.773636	-0.390937	5.743411	-0.020685	3.433732	0.004460	-0.737275
2.828636	-0.387445	5.722398	-0.020565	3.426281	0.003918	-0.650107
2.883864	-0.385502	5.701178	-0.020583	3.441888	0.003321	-0.553203
2.939091	-0.376485	5.680459	-0.020469	3.435478	0.002957	-0.494341
2.994205	-0.375019	5.659905	-0.020280	3.416088	0.002365	-0.396874
3.049318	-0.370021	5.639586	-0.020135	3.403591	0.001888	-0.317990
3.104318	-0.361340	5.619745	-0.019810	3.359945	0.001536	-0.259728
3.159318	-0.355371	5.600336	-0.019495	3.317709	0.001115	-0.189127
3.214432	-0.349433	5.581248	-0.019190	3.276418	0.000701	-0.119378
3.269886	-0.346719	5.562346	-0.019134	3.277858	0.000196	-0.033418
3.325227	-0.352920	5.543081	-0.019255	3.310520	-0.000588	0.100833
3.380227	-0.355751	5.523984	-0.019424	3.351416	-0.001265	0.217603
3.435227	-0.353942	5.504676	-0.019205	3.324875	-0.001809	0.312413
3.490341	-0.352416	5.485391	-0.018880	3.279475	-0.002362	0.409260
3.545568	-0.351517	5.466134	-0.018585	3.238981	-0.002932	0.509890
3.600682	-0.351295	5.447104	-0.018365	3.211559	-0.003514	0.613455
3.655682	-0.353740	5.427866	-0.018188	3.191740	-0.004181	0.732564
3.710795	-0.354431	5.408706	-0.018134	3.193123	-0.004794	0.842980
3.765909	-0.357359	5.389328	-0.017931	3.168781	-0.005478	0.966829
3.821136	-0.362047	5.369960	-0.017912	3.177197	-0.006211	1.100412
3.876136	-0.361111	5.350451	-0.017573	3.128996	-0.006786	1.206752
3.931136	-0.363093	5.330945	-0.016996	3.037408	-0.007444	1.328814
3.986364	-0.367612	5.311182	-0.016445	2.950720	-0.008182	1.466174
4.041477	-0.363607	5.291342	-0.015463	2.785288	-0.008679	1.561128
4.096818	-0.362166	5.271618	-0.013879	2.508735	-0.009245	1.669382
4.151932	-0.340199	5.252316	-0.011361	2.061082	-0.009219	1.670772
4.206818	-0.251784	5.235774	-0.007251	1.319470	-0.007241	1.315880
4.249824	-0.074185	5.227757	-0.002912	0.530636	-0.002493	0.453347
