-0.002478	0.056374	4.779413	-0.000365	0.071649	0.001074	-0.210937
0.013170	0.177870	4.782229	0.001715	-0.336486	0.003544	-0.695515
0.033030	0.318692	4.787220	0.004176	-0.818233	0.006481	-1.269785
0.052424	0.436655	4.794578	0.006381	-1.247631	0.009073	-1.773979
0.072020	0.530879	4.804288	0.008442	-1.646654	0.011303	-2.204486
0.091717	0.603581	4.815710	0.010358	-2.014688	0.013187	-2.564920
0.111212	0.670140	4.828319	0.012018	-2.330869	0.015006	-2.910065
0.130808	0.724371	4.841847	0.013319	-2.575619	0.016627	-3.214256
0.150505	0.788901	4.856844	0.014390	-2.773940	0.018519	-3.567686
0.170000	0.844179	4.873033	0.015301	-2.939364	0.020285	-3.893576
0.189394	0.886593	4.889798	0.016199	-3.100631	0.021826	-4.173639
0.208889	0.920062	4.907390	0.017101	-3.260672	0.023227	-4.424524
0.228384	0.949752	4.925562	0.017913	-3.402342	0.024582	-4.664135
0.247980	0.975445	4.944415	0.018557	-3.510337	0.025889	-4.892250
0.267576	0.997658	4.963688	0.019028	-3.585135	0.027148	-5.108970
0.287172	1.012461	4.983150	0.019316	-3.625352	0.028267	-5.297676
0.306667	1.025084	5.002848	0.019528	-3.650942	0.029353	-5.478634
0.326061	1.036708	5.022610	0.019653	-3.659961	0.030425	-5.655185
0.345758	1.049579	5.042928	0.019660	-3.646615	0.031548	-5.839154
0.365455	1.060673	5.063642	0.019704	-3.639425	0.032653	-6.017876
0.385051	1.066483	5.084229	0.019891	-3.658867	0.033645	-6.174514
0.404545	1.069841	5.104764	0.019902	-3.646144	0.034584	-6.320391
0.424141	1.069101	5.125501	0.019800	-3.612312	0.035447	-6.450873
0.443535	1.063248	5.145820	0.019581	-3.557524	0.036183	-6.558128
0.463030	1.058535	5.166328	0.019341	-3.499411	0.036951	-6.669932
0.482929	1.043509	5.187116	0.019120	-3.445116	0.037510	-6.743112
0.502222	1.040865	5.206987	0.018944	-3.399860	0.038293	-6.856855
0.521616	1.047773	5.226914	0.019030	-3.401061	0.039285	-7.006511
0.541414	1.052014	5.247484	0.019146	-3.407113	0.040248	-7.148992
0.560707	1.048985	5.267675	0.019069	-3.378961	0.041038	-7.260458
0.580202	1.049334	5.287938	0.019130	-3.375560	0.041904	-7.384341
0.600000	1.060019	5.308509	0.019408	-3.409245	0.043011	-7.548630
0.619596	1.067583	5.329159	0.019666	-3.439011	0.044054	-7.700537
0.639091	1.065043	5.349723	0.019913	-3.467213	0.044872	-7.812441
0.658687	1.058000	5.370433	0.019926	-3.455259	0.045596	-7.907099
0.678283	1.054446	5.390872	0.019926	-3.441226	0.046386	-8.012608
0.697778	1.053008	5.411026	0.019939	-3.429471	0.047210	-8.123675
0.717273	1.058491	5.431287	0.020145	-3.451105	0.048195	-8.260949
0.736869	1.069165	5.451900	0.020246	-3.455120	0.049313	-8.419203
0.756566	1.065436	5.472666	0.020132	-3.422749	0.050113	-8.522474
0.776061	1.057108	5.493046	0.019880	-3.367903	0.050792	-8.605163
0.795758	1.033260	5.513390	0.019624	-3.312279	0.051115	-8.627568
0.815354	0.996325	5.533277	0.018993	-3.194009	0.051114	-8.596687
0.834545	0.950606	5.551872	0.018072	-3.028560	0.050850	-8.524419
0.853939	0.886877	5.569606	0.016706	-2.790301	0.050129	-8.378031
0.873636	0.798321	5.586238	0.014856	-2.472948	0.048779	-8.130286
0.893232	0.679230	5.600856	0.012497	-2.073048	0.046628	-7.754571
0.912828	0.513020	5.612469	0.009472	-1.566044	0.043250	-7.182416
0.932811	0.278663	5.620544	0.005769	-0.950015	0.038142	-6.330874
0.948135	0.056836	5.623338	0.002814	-0.460896	0.033116	-5.498825
0.958002	-0.091409	5.622933	0.001044	-0.167796	0.029674	-4.930610
0.980820	-0.376962	5.616968	-0.002453	0.411804	0.022868	-3.808329
1.009394	-0.592528	5.602658	-0.005935	0.993055	0.017403	-2.908318
1.038283	-0.693674	5.584038	-0.008442	1.417877	0.014434	-2.421460
1.067172	-0.745102	5.563277	-0.010123	1.708576	0.012539	-2.112108
1.095657	-0.767947	5.541936	-0.011308	1.917165	0.011280	-1.907886
1.123939	-0.785228	5.520020	-0.012258	2.087677	0.010132	-1.720850
1.152626	-0.801640	5.497373	-0.013068	2.235902	0.008982	-1.532119
1.181515	-0.821402	5.474239	-0.014098	2.422675	0.007744	-1.326846
1.210202	-0.836234	5.450517	-0.015074	2.602568	0.006600	-1.135988
1.238990	-0.840281	5.426432	-0.015791	2.739942	0.005686	-0.983096
1.267778	-0.831623	5.402463	-0.016218	2.827102	0.005056	-0.878209
1.296566	-0.820288	5.378703	-0.016429	2.877168	0.004491	-0.783564
1.325354	-0.810875	5.355434	-0.016725	2.942171	0.003899	-0.683284
1.354040	-0.791073	5.332484	-0.016811	2.971234	0.003542	-0.623411
1.382626	-0.773086	5.310359	-0.016609	2.949481	0.003170	-0.560400
1.411212	-0.758770	5.288611	-0.016864	3.007742	0.002730	-0.484578
1.439899	-0.742704	5.267385	-0.017031	3.050164	0.002343	-0.417559
1.468586	-0.730195	5.246373	-0.017162	3.086501	0.001885	-0.337255
1.497374	-0.713960	5.225637	-0.017053	3.079265	0.001513	-0.271880
1.526061	-0.697276	5.205624	-0.016893	3.062282	0.001174	-0.211722
1.554646	-0.677721	5.186232	-0.016766	3.050593	0.000914	-0.165483
1.583636	-0.657103	5.167020	-0.016586	3.029223	0.000680	-0.123549
1.612323	-0.640444	5.148685	-0.016342	2.995325	0.000390	-0.071196
1.640707	-0.619818	5.131034	-0.016040	2.949888	0.000205	-0.037545
1.669596	-0.592897	5.113788	-0.015644	2.886029	0.000162	-0.029776
1.698384	-0.560310	5.097469	-0.015229	2.818724	0.000266	-0.048918
1.727071	-0.545468	5.082121	-0.014965	2.778220	0.000032	-0.005967
1.755859	-0.539947	5.066913	-0.014735	2.742982	-0.000390	0.072255
1.784647	-0.530901	5.051685	-0.014443	2.696581	-0.000741	0.137728
1.813333	-0.510956	5.037006	-0.014347	2.686881	-0.000850	0.158541
1.841818	-0.499190	5.022863	-0.014207	2.668410	-0.001110	0.207568
1.870404	-0.488669	5.009157	-0.014229	2.680926	-0.001381	0.258946
1.899091	-0.484560	4.995462	-0.014386	2.718974	-0.001782	0.335220
1.927879	-0.476497	4.982030	-0.014487	2.746309	-0.002095	0.395110
1.956768	-0.470849	4.968842	-0.014419	2.741399	-0.002448	0.463044
1.985455	-0.455824	4.955992	-0.014224	2.710644	-0.002602	0.493331
2.014242	-0.435689	4.943516	-0.013844	2.644617	-0.002641	0.501985
2.043030	-0.426272	4.931397	-0.013373	2.560004	-0.002884	0.549513
2.071616	-0.414009	4.919514	-0.012948	2.483899	-0.003062	0.584949
2.100000	-0.399841	4.908272	-0.012670	2.435248	-0.003181	0.609034
2.128687	-0.389180	4.897149	-0.012283	2.365848	-0.003366	0.646031
2.157576	-0.374576	4.886335	-0.011811	2.280048	-0.003463	0.666142
2.186061	-0.357623	4.876132	-0.011334	2.192155	-0.003493	0.673301
2.214950	-0.336717	4.866269	-0.010776	2.088271	-0.003434	0.663256
2.243838	-0.314911	4.857059	-0.010040	1.948906	-0.003335	0.645401
2.272525	-0.286311	4.848640	-0.009037	1.756461	-0.003076	0.596207
2.301313	-0.228284	4.841297	-0.007264	1.413065	-0.002201	0.427152
2.330000	-0.138320	4.836101	-0.004813	0.936779	-0.000622	0.120898
2.352202	-0.049260	4.833904	-0.002621	0.510216	0.001047	-0.203383
