-0.003474	0.078624	3.419526	-0.000160	0.043531	0.000637	-0.173320
0.017576	0.199289	3.423119	0.000648	-0.176059	0.001734	-0.471003
0.044747	0.344553	3.430836	0.001696	-0.459321	0.003153	-0.854058
0.071818	0.466945	3.441978	0.002765	-0.746208	0.004484	-1.210274
0.098485	0.562766	3.455843	0.003698	-0.993983	0.005678	-1.525816
0.125657	0.643031	3.472471	0.004549	-1.216636	0.006827	-1.825280
0.152828	0.713921	3.490966	0.005273	-1.402328	0.007958	-2.115710
0.179697	0.764838	3.511184	0.005840	-1.543982	0.008976	-2.371865
0.206768	0.786861	3.532353	0.006030	-1.584494	0.009778	-2.568004
0.233838	0.801391	3.553865	0.006106	-1.594814	0.010529	-2.747898
0.260808	0.816190	3.575837	0.006080	-1.578416	0.011298	-2.929738
0.287778	0.833337	3.598047	0.006084	-1.569497	0.012096	-3.116659
0.314949	0.852531	3.621021	0.006171	-1.581647	0.012936	-3.311390
0.341818	0.870981	3.644271	0.006255	-1.593017	0.013781	-3.504360
0.368485	0.874906	3.667506	0.006331	-1.602087	0.014498	-3.662683
0.395657	0.880706	3.691519	0.006373	-1.602614	0.015255	-3.828282
0.422828	0.882546	3.715506	0.006273	-1.567842	0.015977	-3.982880
0.449798	0.883543	3.739319	0.006051	-1.503661	0.016686	-4.132610
0.476768	0.887501	3.763264	0.005838	-1.442298	0.017428	-4.287980
0.503636	0.892605	3.787106	0.005614	-1.378882	0.018177	-4.443486
0.530606	0.886134	3.811096	0.005423	-1.323828	0.018824	-4.572082
0.557576	0.872286	3.834657	0.005268	-1.278322	0.019389	-4.679822
0.584747	0.866308	3.858053	0.005135	-1.238382	0.020022	-4.802640
0.612020	0.868612	3.881748	0.004995	-1.197647	0.020742	-4.944194
0.638788	0.862533	3.904829	0.004954	-1.180682	0.021364	-5.061803
0.665758	0.852492	3.927956	0.004959	-1.174496	0.021950	-5.169258
0.692929	0.842733	3.951117	0.004997	-1.175944	0.022538	-5.276053
0.719798	0.832893	3.973492	0.004968	-1.162418	0.023101	-5.376907
0.746768	0.822290	3.995865	0.004892	-1.138663	0.023656	-5.474691
0.773939	0.809737	4.017900	0.004867	-1.126671	0.024181	-5.564965
0.801010	0.802328	4.039415	0.004960	-1.141383	0.024741	-5.662800
0.827879	0.796515	4.061037	0.005091	-1.164939	0.025319	-5.763599
0.854949	0.791717	4.082510	0.005094	-1.159675	0.025902	-5.864748
0.882020	0.779931	4.103763	0.005095	-1.153909	0.026408	-5.947907
0.909091	0.758651	4.124488	0.005085	-1.145556	0.026803	-6.005943
0.936162	0.730973	4.144723	0.004969	-1.113567	0.027115	-6.046098
0.962929	0.705011	4.163814	0.004913	-1.095375	0.027409	-6.083431
0.989899	0.691558	4.182837	0.004947	-1.097983	0.027828	-6.147719
1.016869	0.687621	4.201257	0.005019	-1.109436	0.028325	-6.229620
1.043838	0.676350	4.219648	0.004973	-1.095042	0.028746	-6.294116
1.071010	0.654248	4.237782	0.004958	-1.087338	0.029045	-6.332273
1.097980	0.630978	4.254892	0.004966	-1.084897	0.029301	-6.362172
1.124949	0.607989	4.271489	0.004912	-1.069039	0.029543	-6.389633
1.151919	0.573452	4.287275	0.004761	-1.032652	0.029639	-6.386710
1.179091	0.528278	4.302021	0.004461	-0.964324	0.029590	-6.354464
1.206061	0.477015	4.315505	0.004137	-0.891561	0.029437	-6.302193
1.232828	0.413144	4.327521	0.003605	-0.774152	0.029104	-6.214393
1.260000	0.305116	4.337479	0.002787	-0.596472	0.028241	-6.017508
1.287071	0.160489	4.343681	0.001779	-0.379924	0.026879	-5.720858
1.308442	0.033489	4.345926	0.000893	-0.190142	0.025591	-5.445595
1.322705	-0.047401	4.345723	0.000262	-0.055251	0.024726	-5.262765
1.351313	-0.215188	4.341691	-0.000966	0.207588	0.022835	-4.866914
1.388586	-0.380635	4.330091	-0.002177	0.468673	0.020773	-4.441323
1.426061	-0.489219	4.313605	-0.003165	0.683495	0.019193	-4.120572
1.463232	-0.567051	4.293960	-0.004153	0.901089	0.017862	-3.853560
1.500707	-0.642748	4.271170	-0.005174	1.128548	0.016481	-3.575597
1.538283	-0.689819	4.245881	-0.005971	1.309874	0.015341	-3.348887
1.575455	-0.715924	4.219644	-0.006694	1.477490	0.014398	-3.163312
1.612828	-0.729248	4.192579	-0.007327	1.627484	0.013569	-3.000872
1.650303	-0.739886	4.164995	-0.007817	1.747604	0.012756	-2.840218
1.687576	-0.741211	4.137132	-0.008109	1.825441	0.012031	-2.697331
1.724949	-0.730537	4.109493	-0.008360	1.894805	0.011433	-2.580738
1.762525	-0.724320	4.082141	-0.008582	1.958879	0.010796	-2.453765
1.799697	-0.710117	4.055396	-0.008591	1.974579	0.010254	-2.346091
1.836970	-0.689082	4.029372	-0.008410	1.945618	0.009795	-2.255820
1.874545	-0.665380	4.003873	-0.008291	1.930353	0.009373	-2.172637
1.911919	-0.643243	3.979474	-0.008258	1.934394	0.008962	-2.090224
1.949293	-0.625550	3.955810	-0.008258	1.946012	0.008525	-2.000290
1.986566	-0.604564	3.932872	-0.008134	1.928482	0.008136	-1.920288
2.023939	-0.578027	3.910720	-0.008003	1.907891	0.007817	-1.855742
2.061313	-0.555637	3.889572	-0.007811	1.872259	0.007483	-1.786217
2.098687	-0.537642	3.869277	-0.007612	1.834045	0.007128	-1.710441
2.136061	-0.512161	3.849700	-0.007324	1.773630	0.006859	-1.654480
2.173434	-0.485414	3.831114	-0.007000	1.703360	0.006626	-1.606045
2.210808	-0.466229	3.813316	-0.006875	1.681048	0.006341	-1.544247
2.247980	-0.449279	3.796470	-0.006733	1.653710	0.006059	-1.482143
2.285455	-0.435400	3.779890	-0.006509	1.605566	0.005754	-1.413861
2.322828	-0.429269	3.763813	-0.006413	1.588444	0.005391	-1.330362
2.359899	-0.426211	3.747979	-0.006383	1.587412	0.005005	-1.240620
2.397374	-0.416220	3.732224	-0.006225	1.555025	0.004685	-1.166150
2.434949	-0.400628	3.716918	-0.005996	1.503971	0.004426	-1.106268
2.472121	-0.386495	3.702231	-0.005855	1.474086	0.004169	-1.046221
2.509394	-0.371473	3.688290	-0.005685	1.436588	0.003938	-0.992174
2.546970	-0.355268	3.674753	-0.005438	1.378984	0.003728	-0.942703
2.584343	-0.342633	3.661811	-0.005208	1.324901	0.003501	-0.888399
2.621717	-0.329976	3.649252	-0.005041	1.286954	0.003283	-0.836038
2.659192	-0.324901	3.637154	-0.005030	1.288961	0.003010	-0.769078
2.696566	-0.316643	3.625020	-0.004864	1.250535	0.002763	-0.708520
2.733838	-0.296167	3.613859	-0.004491	1.158283	0.002649	-0.681330
2.771010	-0.282891	3.603132	-0.004330	1.120159	0.002482	-0.640372
2.808384	-0.274872	3.593008	-0.004215	1.092935	0.002285	-0.591185
2.845859	-0.265834	3.582972	-0.004067	1.056960	0.002099	-0.544507
2.883232	-0.255088	3.573240	-0.003814	0.993969	0.001935	-0.503351
2.920505	-0.245252	3.563970	-0.003575	0.934384	0.001774	-0.462918
2.957980	-0.234385	3.555086	-0.003271	0.856752	0.001633	-0.427107
2.995455	-0.226717	3.546440	-0.003081	0.808802	0.001470	-0.385433
3.032525	-0.217586	3.538258	-0.002818	0.741779	0.001332	-0.349946
3.069899	-0.189951	3.530685	-0.002366	0.624556	0.001367	-0.360013
3.107475	-0.116650	3.524640	-0.001564	0.413759	0.001831	-0.483111
3.135984	-0.029171	3.522522	-0.000711	0.188642	0.002521	-0.665161
